3.000000,0.091495,0.031763,0.021650,0.014655,-0.014071,0.047092,0.030628,-0.029652,-0.003282,0.008965
2.970001,-0.006718,0.032164,-0.004948,-0.031357,0.014535,-0.005716,-0.026484,-0.022304,-0.001479,0.020759
2.940002,-0.071679,0.013936,0.051078,0.077733,-0.005350,0.034314,0.032268,-0.003375,-0.030694,-0.001782
2.910003,0.039384,0.014271,-0.009249,0.002887,-0.023013,-0.023751,-0.049044,0.041320,0.017360,0.023197
2.880004,0.045334,0.019665,0.008030,-0.016848,0.026655,0.011942,-0.018958,-0.034275,-0.017140,-0.018850
2.850005,0.018259,0.009189,-0.013313,0.001115,-0.086194,-0.077511,-0.013737,-0.015135,-0.018652,-0.092838
2.820006,-0.020094,-0.051565,0.057092,-0.042578,-0.026995,0.022499,-0.013674,0.084379,-0.032879,-0.050374
2.790007,-0.015655,-0.037256,0.000447,0.018365,0.026001,0.052472,-0.029446,-0.030316,-0.008479,-0.080441
2.760008,0.012292,-0.022948,-0.040269,0.097879,0.016534,0.062830,0.061641,-0.064582,0.014227,0.026115
2.730009,0.040807,-0.073572,-0.026589,0.087499,-0.057235,-0.077024,0.000874,0.028808,-0.039163,0.035374
2.700010,0.013858,0.092988,0.022531,-0.011193,-0.050908,-0.033562,-0.098625,-0.034110,-0.039659,0.067697
2.670011,0.038664,-0.019889,-0.027796,-0.007522,-0.020326,0.009681,-0.019750,0.032298,-0.005292,0.026512
2.640012,-0.109233,-0.008795,0.007900,-0.010209,-0.059133,-0.001246,0.095126,0.017069,0.044540,0.003877
2.610013,-0.012840,0.070133,-0.065897,-0.096316,-0.096850,0.014421,0.073016,-0.055419,0.050599,-0.014720
2.580014,-0.207126,-0.078515,0.017097,-0.052824,-0.017374,-0.153748,-0.021446,-0.048363,0.076876,0.179146
2.550015,0.110862,0.066517,0.009140,0.002964,-0.048054,0.014891,0.120153,0.031807,-0.101419,-0.054993
2.520016,-0.001780,-0.113527,-0.158762,-0.186474,-0.020690,0.136762,0.143285,-0.082127,-0.171208,-0.039793
2.490017,-0.059027,-0.073736,-0.065976,-0.133312,-0.153825,-0.207400,-0.059364,0.039562,0.130819,0.012279
2.460018,-0.066839,0.040814,-0.121882,0.043790,0.012421,0.106606,0.053643,0.016116,0.061696,-0.027325
2.430019,-0.025368,-0.158951,-0.037988,-0.004547,0.093189,-0.040230,-0.094364,-0.096498,0.006214,0.155166
2.400020,0.102190,0.104392,0.002037,-0.072880,-0.081997,0.006124,0.228564,0.434422,0.449678,0.452415
2.370021,0.375278,0.283770,0.058887,-0.021104,0.030031,0.147529,0.188922,0.231017,0.091160,-0.012764
2.340022,0.070617,-0.038955,-0.001715,-0.055434,-0.092599,-0.191538,-0.280271,-0.170230,-0.143616,-0.064208
2.310023,0.118900,0.295713,0.584786,0.631377,0.667783,0.505012,0.537591,0.382970,0.417829,0.411246
2.280024,0.305828,0.194538,0.165167,0.196010,0.060062,0.037336,-0.032173,-0.253108,-0.219295,-0.347592
2.250025,-0.454279,-0.430061,-0.475237,-0.474574,-0.516229,-0.661199,-0.734049,-0.753945,-0.737658,-0.751047
2.220026,-0.788144,-0.752395,-0.736635,-0.704863,-0.619873,-0.603872,-0.603277,-0.724832,-0.769947,-0.770700
2.190027,-0.801990,-0.769138,-0.823933,-0.820888,-0.816171,-0.803502,-0.827132,-0.837594,-0.828974,-0.794440
2.160028,-0.854553,-0.842161,-0.840513,-0.832452,-0.813574,-0.840291,-0.830226,-0.827163,-0.807335,-0.829781
2.130028,-0.837523,-0.845844,-0.856801,-0.864652,-0.834659,-0.863371,-0.846153,-0.823773,-0.851696,-0.855892
2.100029,-0.884015,-0.870847,-0.879464,-0.879534,-0.875665,-0.883405,-0.865818,-0.846858,-0.882963,-0.874344
2.070030,-0.881438,-0.887211,-0.891056,-0.894451,-0.890116,-0.883270,-0.889293,-0.881963,-0.887157,-0.884670
2.040031,-0.891425,-0.902962,-0.897079,-0.901267,-0.900466,-0.904164,-0.899486,-0.894692,-0.897325,-0.903225
2.010032,-0.917216,-0.907296,-0.913830,-0.910521,-0.916507,-0.905594,-0.904659,-0.909336,-0.899662,-0.907979
1.980033,-0.916002,-0.919786,-0.921985,-0.921115,-0.913030,-0.920274,-0.913777,-0.912804,-0.913867,-0.919691
1.950034,-0.915603,-0.929138,-0.923145,-0.924293,-0.927922,-0.929265,-0.927011,-0.927860,-0.920192,-0.932674
1.920035,-0.938290,-0.934946,-0.938957,-0.938711,-0.935309,-0.933138,-0.935064,-0.934921,-0.928157,-0.937321
1.890036,-0.938503,-0.942061,-0.944507,-0.941178,-0.941547,-0.936962,-0.943991,-0.935395,-0.938111,-0.938144
1.860037,-0.951296,-0.947017,-0.943583,-0.948233,-0.942315,-0.946840,-0.943927,-0.946397,-0.945315,-0.944259
1.830038,-0.954199,-0.951423,-0.952924,-0.951370,-0.953434,-0.951654,-0.947350,-0.951940,-0.953946,-0.952404
1.800039,-0.956631,-0.961399,-0.963226,-0.957983,-0.955644,-0.958619,-0.956809,-0.960193,-0.952766,-0.954581
1.770040,-0.965585,-0.964517,-0.962266,-0.961250,-0.962793,-0.960408,-0.960352,-0.958704,-0.964017,-0.962288
1.740041,-0.966298,-0.967145,-0.965877,-0.963578,-0.965715,-0.965342,-0.967750,-0.966386,-0.965857,-0.968330
1.710042,-0.968345,-0.967477,-0.968678,-0.968442,-0.970430,-0.969042,-0.967386,-0.968703,-0.966895,-0.967313
1.680043,-0.972300,-0.971563,-0.970635,-0.971070,-0.969995,-0.972379,-0.971760,-0.970226,-0.970598,-0.971985
1.650044,-0.971840,-0.971388,-0.972423,-0.973693,-0.973388,-0.971462,-0.973304,-0.971639,-0.973800,-0.973407
1.620045,-0.974229,-0.977096,-0.974743,-0.976251,-0.977229,-0.975548,-0.976652,-0.975645,-0.979171,-0.976011
1.590046,-0.977678,-0.977504,-0.978865,-0.978269,-0.977143,-0.979482,-0.978591,-0.974668,-0.977917,-0.977393
1.560047,-0.982564,-0.982711,-0.982928,-0.981893,-0.983169,-0.984234,-0.979175,-0.985458,-0.983738,-0.983175
1.530048,-0.981586,-0.986715,-0.986549,-0.986593,-0.987490,-0.983182,-0.987432,-0.986968,-0.985187,-0.985666
1.500049,-0.990122,-0.988742,-0.988770,-0.987159,-0.989391,-0.986531,-0.988800,-0.990033,-0.989961,-0.990152
1.470050,-0.989706,-0.990750,-0.990971,-0.990547,-0.991515,-0.990014,-0.991663,-0.991055,-0.991025,-0.992757
1.440051,-0.993690,-0.992555,-0.992416,-0.992310,-0.991830,-0.989586,-0.990970,-0.993390,-0.994230,-0.991440
1.410052,-0.993398,-0.993529,-0.994360,-0.993536,-0.992465,-0.994143,-0.995407,-0.994848,-0.992657,-0.994508
1.380053,-0.994053,-0.995130,-0.994009,-0.995541,-0.995645,-0.996060,-0.992699,-0.995487,-0.994431,-0.994602
1.350054,-0.994743,-0.996512,-0.996888,-0.996085,-0.997731,-0.995754,-0.996935,-0.995157,-0.996713,-0.997189
1.320055,-0.997346,-0.997054,-0.997674,-0.997343,-0.997587,-0.997238,-0.997335,-0.998033,-0.997756,-0.997724
1.290056,-0.997766,-0.998136,-0.997564,-0.997637,-0.997635,-0.998575,-0.997818,-0.997995,-0.998552,-0.998141
1.260057,-0.998439,-0.997461,-0.998129,-0.999520,-0.998960,-0.998439,-0.999034,-0.998455,-0.998801,-0.997948
1.230058,-0.998690,-0.998663,-0.999289,-0.999297,-0.999390,-0.999207,-0.998727,-0.999081,-0.999197,-0.998263
1.200059,-0.999034,-0.999726,-0.999200,-0.999246,-0.999057,-0.999405,-0.999269,-0.999641,-0.999245,-0.999320
1.170060,-0.999716,-0.999648,-0.999248,-0.999642,-0.999744,-0.999728,-0.998919,-0.999078,-0.999316,-0.999702
1.140061,-0.999858,-0.999811,-0.999570,-0.999671,-0.999060,-0.999849,-0.999816,-0.999821,-0.999820,-0.999795
1.110062,-0.999838,-0.999382,-0.999801,-0.999920,-0.999881,-0.999848,-0.999583,-0.999607,-0.999897,-0.999932
1.080063,-0.999951,-0.999968,-0.999947,-0.999799,-0.999814,-0.999877,-0.999624,-0.999985,-0.999907,-0.999941
1.050064,-0.999837,-0.999830,-0.999952,-0.999914,-0.999929,-0.999720,-0.999880,-0.999915,-0.999925,-0.999955
1.020065,-0.999984,-0.999992,-0.999877,-0.999923,-0.999969,-0.999967,-0.999986,-0.999949,-0.999902,-0.999928
0.990066,-0.999952,-0.999943,-0.999959,-0.999977,-1.000000,-0.999987,-0.999865,-0.999987,-0.999998,-0.999968
0.960067,-0.999953,-1.000000,-0.999948,-0.999984,-0.999904,-0.999949,-0.999979,-1.000000,-0.999905,-0.999920
0.930068,-0.999992,-0.999967,-1.000000,-0.999997,-0.999991,-0.999943,-1.000000,-0.999983,-0.999995,-0.999964
0.900069,-0.999989,-0.999952,-1.000000,-0.999992,-0.999990,-1.000000,-1.000000,-0.999991,-0.999965,-0.999961
0.870070,-1.000000,-1.000000,-0.999975,-1.000000,-0.999990,-1.000000,-1.000000,-0.999992,-1.000000,-1.000000
0.840071,-1.000000,-1.000000,-0.999987,-1.000000,-0.999994,-1.000000,-1.000000,-0.999995,-1.000000,-0.999998
0.810072,-1.000000,-1.000000,-1.000000,-1.000000,-0.999990,-1.000000,-0.999948,-1.000000,-1.000000,-1.000000
0.780073,-1.000000,-1.000000,-1.000000,-0.999990,-1.000000,-1.000000,-1.000000,-1.000000,-1.000000,-1.000000
0.750074,-0.999992,-1.000000,-1.000000,-1.000000,-0.999996,-1.000000,-0.999993,-1.000000,-1.000000,-0.999999
0.720075,-1.000000,-1.000000,-1.000000,-1.000000,-1.000000,-1.000000,-1.000000,-0.999991,-1.000000,-1.000000
0.690076,-1.000000,-1.000000,-1.000000,-1.000000,-1.000000,-1.000000,-1.000000,-1.000000,-1.000000,-1.000000
0.660077,-1.000000,-1.000000,-1.000000,-1.000000,-1.000000,-1.000000,-1.000000,-1.000000,-1.000000,-1.000000
0.630078,-1.000000,-0.999997,-1.000000,-1.000000,-1.000000,-1.000000,-1.000000,-1.000000,-1.000000,-1.000000
0.600079,-1.000000,-1.000000,-1.000000,-1.000000,-1.000000,-1.000000,-1.000000,-1.000000,-1.000000,-1.000000
0.570080,-1.000000,-1.000000,-1.000000,-1.000000,-1.000000,-1.000000,-1.000000,-1.000000,-1.000000,-1.000000
0.540081,-1.000000,-1.000000,-1.000000,-1.000000,-1.000000,-1.000000,-1.000000,-1.000000,-1.000000,-1.000000
0.510082,-1.000000,-1.000000,-1.000000,-1.000000,-1.000000,-1.000000,-1.000000,-1.000000,-1.000000,-1.000000
0.480083,-1.000000,-1.000000,-1.000000,-1.000000,-1.000000,-1.000000,-1.000000,-1.000000,-1.000000,-1.000000
0.450084,-1.000000,-1.000000,-1.000000,-1.000000,-1.000000,-1.000000,-1.000000,-1.000000,-1.000000,-1.000000
0.420085,-1.000000,-1.000000,-1.000000,-1.000000,-1.000000,-1.000000,-1.000000,-1.000000,-1.000000,-1.000000
0.390086,-1.000000,-1.000000,-1.000000,-1.000000,-1.000000,-1.000000,-1.000000,-1.000000,-1.000000,-1.000000
0.360087,-1.000000,-1.000000,-1.000000,-1.000000,-1.000000,-1.000000,-1.000000,-1.000000,-1.000000,-1.000000
0.330088,-1.000000,-1.000000,-1.000000,-1.000000,-1.000000,-1.000000,-1.000000,-1.000000,-1.000000,-1.000000
0.300089,-1.000000,-1.000000,-1.000000,-1.000000,-1.000000,-1.000000,-1.000000,-1.000000,-1.000000,-1.000000
0.270090,-1.000000,-1.000000,-1.000000,-1.000000,-1.000000,-1.000000,-1.000000,-1.000000,-1.000000,-1.000000
0.240091,-1.000000,-1.000000,-1.000000,-1.000000,-1.000000,-1.000000,-1.000000,-1.000000,-1.000000,-1.000000
0.210092,-1.000000,-1.000000,-1.000000,-1.000000,-1.000000,-1.000000,-1.000000,-1.000000,-1.000000,-1.000000
0.180093,-1.000000,-1.000000,-1.000000,-1.000000,-1.000000,-1.000000,-1.000000,-1.000000,-1.000000,-1.000000
0.150094,-1.000000,-1.000000,-1.000000,-1.000000,-1.000000,-1.000000,-1.000000,-1.000000,-1.000000,-1.000000
0.120095,-1.000000,-1.000000,-1.000000,-1.000000,-1.000000,-1.000000,-1.000000,-1.000000,-1.000000,-1.000000
0.090096,-1.000000,-1.000000,-1.000000,-1.000000,-1.000000,-1.000000,-1.000000,-1.000000,-1.000000,-1.000000
0.060097,-1.000000,-1.000000,-1.000000,-1.000000,-1.000000,-1.000000,-1.000000,-1.000000,-1.000000,-1.000000
0.030098,-1.000000,-1.000000,-1.000000,-1.000000,-1.000000,-1.000000,-1.000000,-1.000000,-1.000000,-1.000000
