2.270000(0)
,1,1,1,1,1,1,1,1,1,1,1,1,1,1,1,1,-1,1,1,1,1,1,1,1,1,1,-1,-1,-1,1,1,1,1,1,1,1,1,1,1,1,1,1,1,1,1,1,1,1,1,1,1,-1,-1,-1,1,1,1,-1,-1,-1,-1,1,1,1
,1,1,1,1,1,1,1,1,1,1,1,1,1,1,1,-1,1,1,1,1,1,1,1,1,1,-1,-1,-1,1,1,1,1,1,1,1,1,1,1,1,1,1,1,1,1,1,1,1,1,1,1,-1,-1,-1,1,1,1,-1,-1,-1,-1,1,1,1,1
,1,1,1,1,1,1,1,1,1,1,1,1,1,1,-1,1,1,1,1,1,1,1,1,1,-1,-1,-1,1,1,1,1,1,1,1,1,1,1,1,1,1,1,1,1,1,1,1,1,1,1,-1,-1,-1,1,1,1,-1,-1,-1,-1,1,1,1,1,1
,1,1,1,1,1,1,1,1,1,1,1,1,1,-1,1,1,1,1,1,1,1,1,1,-1,-1,-1,1,1,1,1,1,1,1,1,1,1,1,1,1,1,1,1,1,1,1,1,1,1,-1,-1,-1,1,1,1,-1,-1,-1,-1,1,1,1,1,1,1
,1,1,1,1,1,1,1,1,1,1,1,1,-1,1,1,1,1,1,1,1,1,1,-1,-1,-1,1,1,1,1,1,1,1,1,1,1,1,1,1,1,1,1,1,1,1,1,1,1,-1,-1,-1,1,1,1,-1,-1,-1,-1,1,1,1,1,1,1,-1
,1,1,1,1,1,1,1,1,1,1,1,-1,1,1,1,1,1,1,1,1,1,-1,-1,-1,1,1,1,1,1,1,1,1,1,1,1,1,1,1,1,1,1,1,1,1,1,1,-1,-1,-1,1,1,1,-1,-1,-1,-1,1,1,1,1,1,1,-1,1
,1,1,1,1,1,1,1,1,1,1,-1,1,1,1,1,1,1,1,1,1,-1,-1,-1,1,1,1,1,1,1,1,1,1,1,1,1,1,1,1,1,1,1,1,1,1,1,-1,-1,-1,1,1,1,-1,-1,-1,-1,1,1,1,1,1,1,-1,1,1
,1,1,1,1,1,1,1,1,1,-1,1,1,1,1,1,1,1,1,1,-1,-1,-1,1,1,1,1,1,1,1,1,1,1,1,1,1,1,1,1,1,1,1,1,1,1,-1,-1,-1,1,1,1,-1,-1,-1,-1,1,1,1,1,1,1,-1,1,1,1
,1,1,1,1,1,1,1,1,-1,1,1,1,1,1,1,1,1,1,-1,-1,-1,1,1,1,1,1,1,1,1,1,1,1,1,1,1,1,1,1,1,1,1,1,1,-1,-1,-1,1,1,1,-1,-1,-1,-1,1,1,1,1,1,1,-1,1,1,1,1
,1,1,1,1,1,1,1,-1,1,1,1,1,1,1,1,1,1,-1,-1,-1,1,1,1,1,1,1,1,1,1,1,1,1,1,1,1,1,1,1,1,1,1,1,-1,-1,-1,1,1,1,-1,-1,-1,-1,1,1,1,1,1,1,-1,1,1,1,1,1
,1,1,1,1,1,1,-1,1,1,1,1,1,1,1,1,1,-1,-1,-1,1,1,1,1,1,1,1,1,1,1,1,1,1,1,1,1,1,1,1,1,1,1,-1,-1,-1,1,1,1,-1,-1,-1,-1,1,1,1,1,1,1,-1,1,1,1,1,1,1
,1,1,1,1,1,-1,1,1,1,1,1,1,1,1,1,-1,-1,-1,1,1,1,1,1,1,1,1,1,1,1,1,1,1,1,1,1,1,1,1,1,1,-1,-1,-1,1,1,1,-1,-1,-1,-1,1,1,1,1,1,1,-1,1,1,1,1,1,1,1
,1,1,1,1,-1,1,1,1,1,1,1,1,1,1,-1,-1,-1,1,1,1,1,1,1,1,1,1,1,1,1,1,1,1,1,1,1,1,1,1,1,-1,-1,-1,1,1,1,-1,-1,-1,-1,1,1,1,1,1,1,-1,1,1,1,1,1,1,1,1
,1,1,1,-1,1,1,1,1,1,1,1,1,1,-1,-1,-1,1,1,1,1,1,1,1,1,1,1,1,1,1,1,1,1,1,1,1,1,1,1,-1,-1,-1,1,1,1,-1,-1,-1,-1,1,1,1,1,1,1,-1,1,1,1,1,1,1,1,1,1
,1,1,-1,1,1,1,1,1,1,1,1,1,-1,-1,-1,1,1,1,1,1,1,1,1,1,1,1,1,1,1,1,1,1,1,1,1,1,1,-1,-1,-1,1,1,1,-1,-1,-1,-1,1,1,1,1,1,1,-1,1,1,1,1,1,1,1,1,1,1
,1,-1,1,1,1,1,1,1,1,1,1,-1,-1,-1,1,1,1,1,1,1,1,1,1,1,1,1,1,1,1,1,1,1,1,1,1,1,-1,-1,-1,1,1,1,-1,-1,-1,-1,1,1,1,1,1,1,-1,1,1,1,1,1,1,1,1,1,1,1
,-1,1,1,1,1,1,1,1,1,1,-1,-1,-1,1,1,1,1,1,1,1,1,1,1,1,1,1,1,1,1,1,1,1,1,1,1,-1,-1,-1,1,1,1,-1,-1,-1,-1,1,1,1,1,1,1,-1,1,1,1,1,1,1,1,1,1,1,1,1
,1,1,1,1,1,1,1,1,1,-1,-1,-1,1,1,1,1,1,1,1,1,1,1,1,1,1,1,1,1,1,1,1,1,1,1,-1,-1,-1,1,1,1,-1,-1,-1,-1,1,1,1,1,1,1,-1,1,1,1,1,1,1,1,1,1,1,1,1,1
,1,1,1,1,1,1,1,1,-1,-1,-1,1,1,1,1,1,1,1,1,1,1,1,1,1,1,1,1,1,1,1,1,1,1,-1,-1,-1,1,1,1,-1,-1,-1,-1,1,1,1,1,1,1,-1,1,1,1,1,1,1,1,1,1,1,1,1,1,1
,1,1,1,1,1,1,1,-1,-1,-1,1,1,1,1,1,1,1,1,1,1,1,1,1,1,1,1,1,1,1,1,1,1,-1,-1,-1,1,1,1,-1,-1,-1,-1,1,1,1,1,1,1,-1,1,1,1,1,1,1,1,1,1,1,1,1,1,1,1
,1,1,1,1,1,1,-1,-1,-1,1,1,1,1,1,1,1,1,1,1,1,1,1,1,1,1,1,1,1,1,1,1,-1,-1,-1,1,1,1,-1,-1,-1,-1,1,1,1,1,1,1,-1,1,1,1,1,1,1,1,1,1,1,1,1,1,1,1,1
,1,1,1,1,1,-1,-1,-1,1,1,1,1,1,1,1,1,1,1,1,1,1,1,1,1,1,1,1,1,1,1,-1,-1,-1,1,1,1,-1,-1,-1,-1,1,1,1,1,1,1,-1,1,1,1,1,1,1,1,1,1,1,1,1,1,1,1,1,1
,1,1,1,1,-1,-1,-1,1,1,1,1,1,1,1,1,1,1,1,1,1,1,1,1,1,1,1,1,1,1,-1,-1,-1,1,1,1,-1,-1,-1,-1,1,1,1,1,1,1,-1,1,1,1,1,1,1,1,1,1,1,1,1,1,1,1,1,1,1
,1,1,1,-1,-1,-1,1,1,1,1,1,1,1,1,1,1,1,1,1,1,1,1,1,1,1,1,1,1,-1,-1,-1,1,1,1,-1,-1,-1,-1,1,1,1,1,1,1,-1,1,1,1,1,1,1,1,1,1,1,1,1,1,1,1,1,1,1,1
,1,1,-1,-1,-1,1,1,1,1,1,1,1,1,1,1,1,1,1,1,1,1,1,1,1,1,1,1,-1,-1,-1,1,1,1,-1,-1,-1,-1,1,1,1,1,1,1,-1,1,1,1,1,1,1,1,1,1,1,1,1,1,1,1,1,1,1,1,1
,1,-1,-1,-1,1,1,1,1,1,1,1,1,1,1,1,1,1,1,1,1,1,1,1,1,1,1,-1,-1,-1,1,1,1,-1,-1,-1,-1,1,1,1,1,1,1,-1,1,1,1,1,1,1,1,1,1,1,1,1,1,1,1,1,1,1,1,1,1
,-1,-1,-1,1,1,1,1,1,1,1,1,1,1,1,1,1,1,1,1,1,1,1,1,1,1,-1,-1,-1,1,1,1,-1,-1,-1,-1,1,1,1,1,1,1,-1,1,1,1,1,1,1,1,1,1,1,1,1,1,1,1,1,1,1,1,1,1,1
,-1,-1,1,1,1,1,1,1,1,1,1,1,1,1,1,1,1,1,1,1,1,1,1,1,-1,-1,-1,1,1,1,-1,-1,-1,-1,1,1,1,1,1,1,-1,1,1,1,1,1,1,1,1,1,1,1,1,1,1,1,1,1,1,1,1,1,1,1
,-1,1,1,1,1,1,1,1,1,1,1,1,1,1,1,1,1,1,1,1,1,1,1,-1,-1,-1,1,1,1,-1,-1,-1,-1,1,1,1,1,1,1,-1,1,1,1,1,1,1,1,1,1,1,1,1,1,1,1,1,1,1,1,1,1,1,1,1
,1,1,1,1,1,1,1,1,1,1,1,1,1,1,1,1,1,1,1,1,1,1,-1,-1,-1,1,1,1,-1,-1,-1,-1,1,1,1,1,1,1,-1,1,1,1,1,1,1,1,1,1,1,1,1,1,1,1,1,1,1,1,1,1,1,1,1,1
,1,1,1,1,1,1,1,1,1,1,1,1,1,1,1,1,1,1,1,1,1,-1,-1,-1,1,1,1,-1,-1,-1,-1,1,1,1,1,1,1,-1,1,1,1,1,1,1,1,1,1,1,1,1,1,1,1,1,1,1,1,1,1,1,1,1,1,1
,1,1,1,1,1,1,1,1,1,1,1,1,1,1,1,1,1,1,1,1,-1,-1,-1,1,1,1,-1,-1,-1,-1,1,1,1,1,1,1,-1,1,1,1,1,1,1,1,1,1,1,1,1,1,1,1,1,1,1,1,1,1,1,1,1,1,1,1
,1,1,1,1,1,1,1,1,1,1,1,1,1,1,1,1,1,1,1,-1,-1,-1,1,1,1,-1,-1,-1,-1,1,1,1,1,1,1,-1,1,1,1,1,1,1,1,1,1,1,1,1,1,1,1,1,1,1,1,1,1,1,1,1,1,1,1,1
,1,1,1,1,1,1,1,1,1,1,1,1,1,1,1,1,1,1,-1,-1,-1,1,1,1,-1,-1,-1,-1,1,1,1,1,1,1,-1,1,1,1,1,1,1,1,1,1,1,1,1,1,1,1,1,1,1,1,1,1,1,1,1,1,1,1,1,1
,1,1,1,1,1,1,1,1,1,1,1,1,1,1,1,1,1,-1,-1,-1,1,1,1,-1,-1,-1,-1,1,1,1,1,1,1,-1,1,1,1,1,1,1,1,1,1,1,1,1,1,1,1,1,1,1,1,1,1,1,1,1,1,1,1,1,1,1
,1,1,1,1,1,1,1,1,1,1,1,1,1,1,1,1,-1,-1,-1,1,1,1,-1,-1,-1,-1,1,1,1,1,1,1,-1,1,1,1,1,1,1,1,1,1,1,1,1,1,1,1,1,1,1,1,1,1,1,1,1,1,1,1,1,1,1,1
,1,1,1,1,1,1,1,1,1,1,1,1,1,1,1,-1,-1,-1,1,1,1,-1,-1,-1,-1,1,1,1,1,1,1,-1,1,1,1,1,1,1,1,1,1,1,1,1,1,1,1,1,1,1,1,1,1,1,1,1,1,1,1,1,1,1,1,1
,1,1,1,1,1,1,1,1,1,1,1,1,1,1,-1,-1,-1,1,1,1,-1,-1,-1,-1,1,1,1,1,1,1,-1,1,1,1,1,1,1,1,1,1,1,1,1,1,1,1,1,1,1,1,1,1,1,1,1,1,1,1,1,1,1,1,1,1
,1,1,1,1,1,1,1,1,1,1,1,1,1,-1,-1,-1,1,1,1,-1,-1,-1,-1,1,1,1,1,1,1,-1,1,1,1,1,1,1,1,1,1,1,1,1,1,1,1,1,1,1,1,1,1,1,1,1,1,1,1,1,1,1,1,1,1,1
,1,1,1,1,1,1,1,1,1,1,1,1,-1,-1,-1,1,1,1,-1,-1,-1,-1,1,1,1,1,1,1,-1,1,1,1,1,1,1,1,1,1,1,1,1,1,1,1,1,1,1,1,1,1,1,1,1,1,1,1,1,1,1,1,1,1,1,1
,1,1,1,1,1,1,1,1,1,1,1,-1,-1,-1,1,1,1,-1,-1,-1,-1,1,1,1,1,1,1,-1,1,1,1,1,1,1,1,1,1,1,1,1,1,1,1,1,1,1,1,1,1,1,1,1,1,1,1,1,1,1,1,1,1,1,1,1
,1,1,1,1,1,1,1,1,1,1,-1,-1,-1,1,1,1,-1,-1,-1,-1,1,1,1,1,1,1,-1,1,1,1,1,1,1,1,1,1,1,1,1,1,1,1,1,1,1,1,1,1,1,1,1,1,1,1,1,1,1,1,1,1,1,1,1,1
,1,1,1,1,1,1,1,1,1,-1,-1,-1,1,1,1,-1,-1,-1,-1,1,1,1,1,1,1,-1,1,1,1,1,1,1,1,1,1,1,1,1,1,1,1,1,1,1,1,1,1,1,1,1,1,1,1,1,1,1,1,1,1,1,1,1,1,1
,1,1,1,1,1,1,1,1,-1,-1,-1,1,1,1,-1,-1,-1,-1,1,1,1,1,1,1,-1,1,1,1,1,1,1,1,1,1,1,1,1,1,1,1,1,1,1,1,1,1,1,1,1,1,1,1,1,1,1,1,1,1,1,1,1,1,1,1
,1,1,1,1,1,1,1,-1,-1,-1,1,1,1,-1,-1,-1,-1,1,1,1,1,1,1,-1,1,1,1,1,1,1,1,1,1,1,1,1,1,1,1,1,1,1,1,1,1,1,1,1,1,1,1,1,1,1,1,1,1,1,1,1,1,1,1,1
,1,1,1,1,1,1,-1,-1,-1,1,1,1,-1,-1,-1,-1,1,1,1,1,1,1,-1,1,1,1,1,1,1,1,1,1,1,1,1,1,1,1,1,1,1,1,1,1,1,1,1,1,1,1,1,1,1,1,1,1,1,1,1,1,1,1,1,1
,1,1,1,1,1,-1,-1,-1,1,1,1,-1,-1,-1,-1,1,1,1,1,1,1,-1,1,1,1,1,1,1,1,1,1,1,1,1,1,1,1,1,1,1,1,1,1,1,1,1,1,1,1,1,1,1,1,1,1,1,1,1,1,1,1,1,1,1
,1,1,1,1,-1,-1,-1,1,1,1,-1,-1,-1,-1,1,1,1,1,1,1,-1,1,1,1,1,1,1,1,1,1,1,1,1,1,1,1,1,1,1,1,1,1,1,1,1,1,1,1,1,1,1,1,1,1,1,1,1,1,1,1,1,1,1,1
,1,1,1,-1,-1,-1,1,1,1,-1,-1,-1,-1,1,1,1,1,1,1,-1,1,1,1,1,1,1,1,1,1,1,1,1,1,1,1,1,1,1,1,1,1,1,1,1,1,1,1,1,1,1,1,1,1,1,1,1,1,1,1,1,1,1,1,1
,1,1,-1,-1,-1,1,1,1,-1,-1,-1,-1,1,1,1,1,1,1,-1,1,1,1,1,1,1,1,1,1,1,1,1,1,1,1,1,1,1,1,1,1,1,1,1,1,1,1,1,1,1,1,1,1,1,1,1,1,1,1,1,1,1,1,1,1
,1,-1,-1,-1,1,1,1,-1,-1,-1,-1,1,1,1,1,1,1,-1,1,1,1,1,1,1,1,1,1,1,1,1,1,1,1,1,1,1,1,1,1,1,1,1,1,1,1,1,1,1,1,1,1,1,1,1,1,1,1,1,1,1,1,1,1,1
,-1,-1,-1,1,1,1,-1,-1,-1,-1,1,1,1,1,1,1,-1,1,1,1,1,1,1,1,1,1,1,1,1,1,1,1,1,1,1,1,1,1,1,1,1,1,1,1,1,1,1,1,1,1,1,1,1,1,1,1,1,1,1,1,1,1,1,1
,-1,-1,1,1,1,-1,-1,-1,-1,1,1,1,1,1,1,-1,1,1,1,1,1,1,1,1,1,1,1,1,1,1,1,1,1,1,1,1,1,1,1,1,1,1,1,1,1,1,1,1,1,1,1,1,1,1,1,1,1,1,1,1,1,1,1,-1
,-1,1,1,1,-1,-1,-1,-1,1,1,1,1,1,1,-1,1,1,1,1,1,1,1,1,1,1,1,1,1,1,1,1,1,1,1,1,1,1,1,1,1,1,1,1,1,1,1,1,1,1,1,1,1,1,1,1,1,1,1,1,1,1,1,-1,-1
,1,1,1,-1,-1,-1,-1,1,1,1,1,1,1,-1,1,1,1,1,1,1,1,1,1,1,1,1,1,1,1,1,1,1,1,1,1,1,1,1,1,1,1,1,1,1,1,1,1,1,1,1,1,1,1,1,1,1,1,1,1,1,1,-1,-1,1
,1,1,-1,-1,-1,-1,1,1,1,1,1,1,-1,1,1,1,1,1,1,1,1,1,1,1,1,1,1,1,1,1,1,1,1,1,1,1,1,1,1,1,1,1,1,1,1,1,1,1,1,1,1,1,1,1,1,1,1,1,1,1,-1,-1,1,1
,1,-1,-1,-1,-1,1,1,1,1,1,1,-1,1,1,1,1,1,1,1,1,1,1,1,1,1,1,1,1,1,1,1,1,1,1,1,1,1,1,1,1,1,1,1,1,1,1,1,1,1,1,1,1,1,1,1,1,1,1,1,-1,-1,1,1,1
,-1,-1,-1,-1,1,1,1,1,1,1,-1,1,1,1,1,1,1,1,1,1,1,1,1,1,1,1,1,1,1,1,1,1,1,1,1,1,1,1,1,1,1,1,1,1,1,1,1,1,1,1,1,1,1,1,1,1,1,1,-1,-1,1,1,1,1
,-1,-1,-1,1,1,1,1,1,1,-1,1,1,1,1,1,1,1,1,1,1,1,1,1,1,1,1,1,1,1,1,1,1,1,1,1,1,1,1,1,1,1,1,1,1,1,1,1,1,1,1,1,1,1,1,1,1,1,-1,-1,1,1,1,1,-1
,-1,-1,1,1,1,1,1,1,-1,1,1,1,1,1,1,1,1,1,1,1,1,1,1,1,1,1,1,1,1,1,1,1,1,1,1,1,1,1,1,1,1,1,1,1,1,1,1,1,1,1,1,1,1,1,1,1,-1,-1,1,1,1,1,-1,1
,-1,1,1,1,1,1,1,-1,1,1,1,1,1,1,1,1,1,1,1,1,1,1,1,1,1,1,1,1,1,1,1,1,1,1,1,1,1,1,1,1,1,1,1,1,1,1,1,1,1,1,1,1,1,1,1,-1,-1,1,1,1,1,-1,1,1
,1,1,1,1,1,1,-1,1,1,1,1,1,1,1,1,1,1,1,1,1,1,1,1,1,1,1,1,1,1,1,1,1,1,1,1,1,1,1,1,1,1,1,1,1,1,1,1,1,1,1,1,1,1,1,-1,-1,1,1,1,1,-1,1,1,1
,1,1,1,1,1,-1,1,1,1,1,1,1,1,1,1,1,1,1,1,1,1,1,1,1,1,1,1,1,1,1,1,1,1,1,1,1,1,1,1,1,1,1,1,1,1,1,1,1,1,1,1,1,1,-1,-1,1,1,1,1,-1,1,1,1,1
,1,1,1,1,-1,1,1,1,1,1,1,1,1,1,1,1,1,1,1,1,1,1,1,1,1,1,1,1,1,1,1,1,1,1,1,1,1,1,1,1,1,1,1,1,1,1,1,1,1,1,1,1,-1,-1,1,1,1,1,-1,1,1,1,1,1
2.270000(1)
,1,1,1,1,1,1,1,-1,1,-1,-1,-1,1,1,-1,-1,1,-1,1,1,1,1,1,1,1,1,1,1,1,1,1,1,1,-1,1,1,1,-1,-1,-1,1,1,1,-1,1,-1,-1,-1,1,1,1,1,-1,-1,-1,1,1,1,1,1,1,1,1,1
,1,1,1,1,1,1,-1,1,-1,-1,-1,1,1,-1,-1,1,-1,1,1,1,1,1,1,1,1,1,1,1,1,1,1,1,-1,1,1,1,-1,-1,-1,1,1,1,-1,1,-1,-1,-1,1,1,1,1,-1,-1,-1,1,1,1,1,1,1,1,1,1,1
,1,1,1,1,1,-1,1,-1,-1,-1,1,1,-1,-1,1,-1,1,1,1,1,1,1,1,1,1,1,1,1,1,1,1,-1,1,1,1,-1,-1,-1,1,1,1,-1,1,-1,-1,-1,1,1,1,1,-1,-1,-1,1,1,1,1,1,1,1,1,1,1,1
,1,1,1,1,-1,1,-1,-1,-1,1,1,-1,-1,1,-1,1,1,1,1,1,1,1,1,1,1,1,1,1,1,1,-1,1,1,1,-1,-1,-1,1,1,1,-1,1,-1,-1,-1,1,1,1,1,-1,-1,-1,1,1,1,1,1,1,1,1,1,1,1,1
,1,1,1,-1,1,-1,-1,-1,1,1,-1,-1,1,-1,1,1,1,1,1,1,1,1,1,1,1,1,1,1,1,-1,1,1,1,-1,-1,-1,1,1,1,-1,1,-1,-1,-1,1,1,1,1,-1,-1,-1,1,1,1,1,1,1,1,1,1,1,1,1,1
,1,1,-1,1,-1,-1,-1,1,1,-1,-1,1,-1,1,1,1,1,1,1,1,1,1,1,1,1,1,1,1,-1,1,1,1,-1,-1,-1,1,1,1,-1,1,-1,-1,-1,1,1,1,1,-1,-1,-1,1,1,1,1,1,1,1,1,1,1,1,1,1,1
,1,-1,1,-1,-1,-1,1,1,-1,-1,1,-1,1,1,1,1,1,1,1,1,1,1,1,1,1,1,1,-1,1,1,1,-1,-1,-1,1,1,1,-1,1,-1,-1,-1,1,1,1,1,-1,-1,-1,1,1,1,1,1,1,1,1,1,1,1,1,1,1,1
,-1,1,-1,-1,-1,1,1,-1,-1,1,-1,1,1,1,1,1,1,1,1,1,1,1,1,1,1,1,-1,1,1,1,-1,-1,-1,1,1,1,-1,1,-1,-1,-1,1,1,1,1,-1,-1,-1,1,1,1,1,1,1,1,1,1,1,1,1,1,1,1,1
,1,-1,-1,-1,1,1,-1,-1,1,-1,1,1,1,1,1,1,1,1,1,1,1,1,1,1,1,-1,1,1,1,-1,-1,-1,1,1,1,-1,1,-1,-1,-1,1,1,1,1,-1,-1,-1,1,1,1,1,1,1,1,1,1,1,1,1,1,1,1,1,1
,-1,-1,-1,1,1,-1,-1,1,-1,1,1,1,1,1,1,1,1,1,1,1,1,1,1,1,-1,1,1,1,-1,-1,-1,1,1,1,-1,1,-1,-1,-1,1,1,1,1,-1,-1,-1,1,1,1,1,1,1,1,1,1,1,1,1,1,1,1,1,1,1
,-1,-1,1,1,-1,-1,1,-1,1,1,1,1,1,1,1,1,1,1,1,1,1,1,1,-1,1,1,1,-1,-1,-1,1,1,1,-1,1,-1,-1,-1,1,1,1,1,-1,-1,-1,1,1,1,1,1,1,1,1,1,1,1,1,1,1,1,1,1,1,1
,-1,1,1,-1,-1,1,-1,1,1,1,1,1,1,1,1,1,1,1,1,1,1,1,-1,1,1,1,-1,-1,-1,1,1,1,-1,1,-1,-1,-1,1,1,1,1,-1,-1,-1,1,1,1,1,1,1,1,1,1,1,1,1,1,1,1,1,1,1,1,-1
,1,1,-1,-1,1,-1,1,1,1,1,1,1,1,1,1,1,1,1,1,1,1,-1,1,1,1,-1,-1,-1,1,1,1,-1,1,-1,-1,-1,1,1,1,1,-1,-1,-1,1,1,1,1,1,1,1,1,1,1,1,1,1,1,1,1,1,1,1,-1,-1
,1,-1,-1,1,-1,1,1,1,1,1,1,1,1,1,1,1,1,1,1,1,-1,1,1,1,-1,-1,-1,1,1,1,-1,1,-1,-1,-1,1,1,1,1,-1,-1,-1,1,1,1,1,1,1,1,1,1,1,1,1,1,1,1,1,1,1,1,-1,-1,-1
,-1,-1,1,-1,1,1,1,1,1,1,1,1,1,1,1,1,1,1,1,-1,1,1,1,-1,-1,-1,1,1,1,-1,1,-1,-1,-1,1,1,1,1,-1,-1,-1,1,1,1,1,1,1,1,1,1,1,1,1,1,1,1,1,1,1,1,-1,-1,-1,1
,-1,1,-1,1,1,1,1,1,1,1,1,1,1,1,1,1,1,1,-1,1,1,1,-1,-1,-1,1,1,1,-1,1,-1,-1,-1,1,1,1,1,-1,-1,-1,1,1,1,1,1,1,1,1,1,1,1,1,1,1,1,1,1,1,1,-1,-1,-1,1,1
,1,-1,1,1,1,1,1,1,1,1,1,1,1,1,1,1,1,-1,1,1,1,-1,-1,-1,1,1,1,-1,1,-1,-1,-1,1,1,1,1,-1,-1,-1,1,1,1,1,1,1,1,1,1,1,1,1,1,1,1,1,1,1,1,-1,-1,-1,1,1,1
,-1,1,1,1,1,1,1,1,1,1,1,1,1,1,1,1,-1,1,1,1,-1,-1,-1,1,1,1,-1,1,-1,-1,-1,1,1,1,1,-1,-1,-1,1,1,1,1,1,1,1,1,1,1,1,1,1,1,1,1,1,1,1,-1,-1,-1,1,1,1,1
,1,1,1,1,1,1,1,1,1,1,1,1,1,1,1,-1,1,1,1,-1,-1,-1,1,1,1,-1,1,-1,-1,-1,1,1,1,1,-1,-1,-1,1,1,1,1,1,1,1,1,1,1,1,1,1,1,1,1,1,1,1,-1,-1,-1,1,1,1,1,1
,1,1,1,1,1,1,1,1,1,1,1,1,1,1,-1,1,1,1,-1,-1,-1,1,1,1,-1,1,-1,-1,-1,1,1,1,1,-1,-1,-1,1,1,1,1,1,1,1,1,1,1,1,1,1,1,1,1,1,1,1,-1,-1,-1,1,1,1,1,1,1
,1,1,1,1,1,1,1,1,1,1,1,1,1,-1,1,1,1,-1,-1,-1,1,1,1,-1,1,-1,-1,-1,1,1,1,1,-1,-1,-1,1,1,1,1,1,1,1,1,1,1,1,1,1,1,1,1,1,1,1,-1,-1,-1,1,1,1,1,1,1,1
,1,1,1,1,1,1,1,1,1,1,1,1,-1,1,1,1,-1,-1,-1,1,1,1,-1,1,-1,-1,-1,1,1,1,1,-1,-1,-1,1,1,1,1,1,1,1,1,1,1,1,1,1,1,1,1,1,1,1,-1,-1,-1,1,1,1,1,1,1,1,1
,1,1,1,1,1,1,1,1,1,1,1,-1,1,1,1,-1,-1,-1,1,1,1,-1,1,-1,-1,-1,1,1,1,1,-1,-1,-1,1,1,1,1,1,1,1,1,1,1,1,1,1,1,1,1,1,1,1,-1,-1,-1,1,1,1,1,1,1,1,1,1
,1,1,1,1,1,1,1,1,1,1,-1,1,1,1,-1,-1,-1,1,1,1,-1,1,-1,-1,-1,1,1,1,1,-1,-1,-1,1,1,1,1,1,1,1,1,1,1,1,1,1,1,1,1,1,1,1,-1,-1,-1,1,1,1,1,1,1,1,1,1,1
,1,1,1,1,1,1,1,1,1,-1,1,1,1,-1,-1,-1,1,1,1,-1,1,-1,-1,-1,1,1,1,1,-1,-1,-1,1,1,1,1,1,1,1,1,1,1,1,1,1,1,1,1,1,1,1,-1,-1,-1,1,1,1,1,1,1,1,1,1,1,1
,1,1,1,1,1,1,1,1,-1,1,1,1,-1,-1,-1,1,1,1,-1,1,-1,-1,-1,1,1,1,1,-1,-1,-1,1,1,1,1,1,1,1,1,1,1,1,1,1,1,1,1,1,1,1,-1,-1,-1,1,1,1,1,1,1,1,1,1,1,1,1
,1,1,1,1,1,1,1,-1,1,1,1,-1,-1,-1,1,1,1,-1,1,-1,-1,-1,1,1,1,1,-1,-1,-1,1,1,1,1,1,1,1,1,1,1,1,1,1,1,1,1,1,1,1,-1,-1,-1,1,1,1,1,1,1,1,1,1,1,1,1,1
,1,1,1,1,1,1,-1,1,1,1,-1,-1,-1,1,1,1,-1,1,-1,-1,-1,1,1,1,1,-1,-1,-1,1,1,1,1,1,1,1,1,1,1,1,1,1,1,1,1,1,1,1,-1,-1,-1,1,1,1,1,1,1,1,1,1,1,1,1,1,1
,1,1,1,1,1,-1,1,1,1,-1,-1,-1,1,1,1,-1,1,-1,-1,-1,1,1,1,1,-1,-1,-1,1,1,1,1,1,1,1,1,1,1,1,1,1,1,1,1,1,1,1,-1,-1,-1,1,1,1,1,1,1,1,1,1,1,1,1,1,1,1
,1,1,1,1,-1,1,1,1,-1,-1,-1,1,1,1,-1,1,-1,-1,-1,1,1,1,1,-1,-1,-1,1,1,1,1,1,1,1,1,1,1,1,1,1,1,1,1,1,1,1,-1,-1,-1,1,1,1,1,1,1,1,1,1,1,1,1,1,1,1,1
,1,1,1,-1,1,1,1,-1,-1,-1,1,1,1,-1,1,-1,-1,-1,1,1,1,1,-1,-1,-1,1,1,1,1,1,1,1,1,1,1,1,1,1,1,1,1,1,1,1,-1,-1,-1,1,1,1,1,1,1,1,1,1,1,1,1,1,1,1,1,1
,1,1,-1,1,1,1,-1,-1,-1,1,1,1,-1,1,-1,-1,-1,1,1,1,1,-1,-1,-1,1,1,1,1,1,1,1,1,1,1,1,1,1,1,1,1,1,1,1,-1,-1,-1,1,1,1,1,1,1,1,1,1,1,1,1,1,1,1,1,1,1
,1,-1,1,1,1,-1,-1,-1,1,1,1,-1,1,-1,-1,-1,1,1,1,1,-1,-1,-1,1,1,1,1,1,1,1,1,1,1,1,1,1,1,1,1,1,1,1,-1,-1,-1,1,1,1,1,1,1,1,1,1,1,1,1,1,1,1,1,1,1,1
,-1,1,1,1,-1,-1,-1,1,1,1,-1,1,-1,-1,-1,1,1,1,1,-1,-1,-1,1,1,1,1,1,1,1,1,1,1,1,1,1,1,1,1,1,1,1,-1,-1,-1,1,1,1,1,1,1,1,1,1,1,1,1,1,1,1,1,1,1,1,1
,1,1,1,-1,-1,-1,1,1,1,-1,1,-1,-1,-1,1,1,1,1,-1,-1,-1,1,1,1,1,1,1,1,1,1,1,1,1,1,1,1,1,1,1,1,-1,-1,-1,1,1,1,1,1,1,1,1,1,1,1,1,1,1,1,1,1,1,1,1,1
,1,1,-1,-1,-1,1,1,1,-1,1,-1,-1,-1,1,1,1,1,-1,-1,-1,1,1,1,1,1,1,1,1,1,1,1,1,1,1,1,1,1,1,1,-1,-1,-1,1,1,1,1,1,1,1,1,1,1,1,1,1,1,1,1,1,1,1,1,1,1
,1,-1,-1,-1,1,1,1,-1,1,-1,-1,-1,1,1,1,1,-1,-1,-1,1,1,1,1,1,1,1,1,1,1,1,1,1,1,1,1,1,1,1,-1,-1,-1,1,1,1,1,1,1,1,1,1,1,1,1,1,1,1,1,1,1,1,1,1,1,1
,-1,-1,-1,1,1,1,-1,1,-1,-1,-1,1,1,1,1,-1,-1,-1,1,1,1,1,1,1,1,1,1,1,1,1,1,1,1,1,1,1,1,-1,-1,-1,1,1,1,1,1,1,1,1,1,1,1,1,1,1,1,1,1,1,1,1,1,1,1,1
,-1,-1,1,1,1,-1,1,-1,-1,-1,1,1,1,1,-1,-1,-1,1,1,1,1,1,1,1,1,1,1,1,1,1,1,1,1,1,1,1,-1,-1,-1,1,1,1,1,1,1,1,1,1,1,1,1,1,1,1,1,1,1,1,1,1,1,1,1,1
,-1,1,1,1,-1,1,-1,-1,-1,1,1,1,1,-1,-1,-1,1,1,1,1,1,1,1,1,1,1,1,1,1,1,1,1,1,1,1,-1,-1,-1,1,1,1,1,1,1,1,1,1,1,1,1,1,1,1,1,1,1,1,1,1,1,1,1,1,1
,1,1,1,-1,1,-1,-1,-1,1,1,1,1,-1,-1,-1,1,1,1,1,1,1,1,1,1,1,1,1,1,1,1,1,1,1,1,-1,-1,-1,1,1,1,1,1,1,1,1,1,1,1,1,1,1,1,1,1,1,1,1,1,1,1,1,1,1,1
,1,1,-1,1,-1,-1,-1,1,1,1,1,-1,-1,-1,1,1,1,1,1,1,1,1,1,1,1,1,1,1,1,1,1,1,1,-1,-1,-1,1,1,1,1,1,1,1,1,1,1,1,1,1,1,1,1,1,1,1,1,1,1,1,1,1,1,1,1
,1,-1,1,-1,-1,-1,1,1,1,1,-1,-1,-1,1,1,1,1,1,1,1,1,1,1,1,1,1,1,1,1,1,1,1,-1,-1,-1,1,1,1,1,1,1,1,1,1,1,1,1,1,1,1,1,1,1,1,1,1,1,1,1,1,1,1,1,1
,-1,1,-1,-1,-1,1,1,1,1,-1,-1,-1,1,1,1,1,1,1,1,1,1,1,1,1,1,1,1,1,1,1,1,-1,-1,-1,1,1,1,1,1,1,1,1,1,1,1,1,1,1,1,1,1,1,1,1,1,1,1,1,1,1,1,1,1,1
,1,-1,-1,-1,1,1,1,1,-1,-1,-1,1,1,1,1,1,1,1,1,1,1,1,1,1,1,1,1,1,1,1,-1,-1,-1,1,1,1,1,1,1,1,1,1,1,1,1,1,1,1,1,1,1,1,1,1,1,1,1,1,1,1,1,1,1,1
,-1,-1,-1,1,1,1,1,-1,-1,-1,1,1,1,1,1,1,1,1,1,1,1,1,1,1,1,1,1,1,1,-1,-1,-1,1,1,1,1,1,1,1,1,1,1,1,1,1,1,1,1,1,1,1,1,1,1,1,1,1,1,1,1,1,1,1,1
,-1,-1,1,1,1,1,-1,-1,-1,1,1,1,1,1,1,1,1,1,1,1,1,1,1,1,1,1,1,1,-1,-1,-1,1,1,1,1,1,1,1,1,1,1,1,1,1,1,1,1,1,1,1,1,1,1,1,1,1,1,1,1,1,1,1,1,1
,-1,1,1,1,1,-1,-1,-1,1,1,1,1,1,1,1,1,1,1,1,1,1,1,1,1,1,1,1,-1,-1,-1,1,1,1,1,1,1,1,1,1,1,1,1,1,1,1,1,1,1,1,1,1,1,1,1,1,1,1,1,1,1,1,1,1,1
,1,1,1,1,-1,-1,-1,1,1,1,1,1,1,1,1,1,1,1,1,1,1,1,1,1,1,1,-1,-1,-1,1,1,1,1,1,1,1,1,1,1,1,1,1,1,1,1,1,1,1,1,1,1,1,1,1,1,1,1,1,1,1,1,1,1,1
,1,1,1,-1,-1,-1,1,1,1,1,1,1,1,1,1,1,1,1,1,1,1,1,1,1,1,-1,-1,-1,1,1,1,1,1,1,1,1,1,1,1,1,1,1,1,1,1,1,1,1,1,1,1,1,1,1,1,1,1,1,1,1,1,1,1,1
,1,1,-1,-1,-1,1,1,1,1,1,1,1,1,1,1,1,1,1,1,1,1,1,1,1,-1,-1,-1,1,1,1,1,1,1,1,1,1,1,1,1,1,1,1,1,1,1,1,1,1,1,1,1,1,1,1,1,1,1,1,1,1,1,1,1,1
,1,-1,-1,-1,1,1,1,1,1,1,1,1,1,1,1,1,1,1,1,1,1,1,1,-1,-1,-1,1,1,1,1,1,1,1,1,1,1,1,1,1,1,1,1,1,1,1,1,1,1,1,1,1,1,1,1,1,1,1,1,1,1,1,1,1,1
,-1,-1,-1,1,1,1,1,1,1,1,1,1,1,1,1,1,1,1,1,1,1,1,-1,-1,-1,1,1,1,1,1,1,1,1,1,1,1,1,1,1,1,1,1,1,1,1,1,1,1,1,1,1,1,1,1,1,1,1,1,1,1,1,1,1,-1
,-1,-1,1,1,1,1,1,1,1,1,1,1,1,1,1,1,1,1,1,1,1,-1,-1,-1,1,1,1,1,1,1,1,1,1,1,1,1,1,1,1,1,1,1,1,1,1,1,1,1,1,1,1,1,1,1,1,1,1,1,1,1,1,1,-1,-1
,-1,1,1,1,1,1,1,1,1,1,1,1,1,1,1,1,1,1,1,1,-1,-1,-1,1,1,1,1,1,1,1,1,1,1,1,1,1,1,1,1,1,1,1,1,1,1,1,1,1,1,1,1,1,1,1,1,1,1,1,1,1,1,-1,-1,-1
,1,1,1,1,1,1,1,1,1,1,1,1,1,1,1,1,1,1,1,-1,-1,-1,1,1,1,1,1,1,1,1,1,1,1,1,1,1,1,1,1,1,1,1,1,1,1,1,1,1,1,1,1,1,1,1,1,1,1,1,1,1,-1,-1,-1,-1
,1,1,1,1,1,1,1,1,1,1,1,1,1,1,1,1,1,1,-1,-1,-1,1,1,1,1,1,1,1,1,1,1,1,1,1,1,1,1,1,1,1,1,1,1,1,1,1,1,1,1,1,1,1,1,1,1,1,1,1,1,-1,-1,-1,-1,-1
,1,1,1,1,1,1,1,1,1,1,1,1,1,1,1,1,1,-1,-1,-1,1,1,1,1,1,1,1,1,1,1,1,1,1,1,1,1,1,1,1,1,1,1,1,1,1,1,1,1,1,1,1,1,1,1,1,1,1,1,-1,-1,-1,-1,-1,-1
,1,1,1,1,1,1,1,1,1,1,1,1,1,1,1,1,-1,-1,-1,1,1,1,1,1,1,1,1,1,1,1,1,1,1,1,1,1,1,1,1,1,1,1,1,1,1,1,1,1,1,1,1,1,1,1,1,1,1,-1,-1,-1,-1,-1,-1,1
,1,1,1,1,1,1,1,1,1,1,1,1,1,1,1,-1,-1,-1,1,1,1,1,1,1,1,1,1,1,1,1,1,1,1,1,1,1,1,1,1,1,1,1,1,1,1,1,1,1,1,1,1,1,1,1,1,1,-1,-1,-1,-1,-1,-1,1,1
,1,1,1,1,1,1,1,1,1,1,1,1,1,1,-1,-1,-1,1,1,1,1,1,1,1,1,1,1,1,1,1,1,1,1,1,1,1,1,1,1,1,1,1,1,1,1,1,1,1,1,1,1,1,1,1,1,-1,-1,-1,-1,-1,-1,1,1,1
,1,1,1,1,1,1,1,1,1,1,1,1,1,-1,-1,-1,1,1,1,1,1,1,1,1,1,1,1,1,1,1,1,1,1,1,1,1,1,1,1,1,1,1,1,1,1,1,1,1,1,1,1,1,1,1,-1,-1,-1,-1,-1,-1,1,1,1,1
,1,1,1,1,1,1,1,1,1,1,1,1,-1,-1,-1,1,1,1,1,1,1,1,1,1,1,1,1,1,1,1,1,1,1,1,1,1,1,1,1,1,1,1,1,1,1,1,1,1,1,1,1,1,1,-1,-1,-1,-1,-1,-1,1,1,1,1,1
,1,1,1,1,1,1,1,1,1,1,1,-1,-1,-1,1,1,1,1,1,1,1,1,1,1,1,1,1,1,1,1,1,1,1,1,1,1,1,1,1,1,1,1,1,1,1,1,1,1,1,1,1,1,-1,-1,-1,-1,-1,-1,1,1,1,1,1,1
2.270000(2)
,1,1,1,1,1,1,1,1,1,1,1,1,1,1,1,1,-1,-1,-1,1,1,1,1,1,1,1,1,1,1,1,1,1,1,1,1,1,-1,1,1,1,1,1,1,1,1,1,-1,-1,-1,1,-1,1,1,1,-1,1,1,1,-1,-1,-1,1,-1,1
,1,1,1,1,1,1,1,1,1,1,1,1,1,1,1,-1,-1,-1,1,1,1,1,1,1,1,1,1,1,1,1,1,1,1,1,1,-1,1,1,1,1,1,1,1,1,1,-1,-1,-1,1,-1,1,1,1,-1,1,1,1,-1,-1,-1,1,-1,1,1
,1,1,1,1,1,1,1,1,1,1,1,1,1,1,-1,-1,-1,1,1,1,1,1,1,1,1,1,1,1,1,1,1,1,1,1,-1,1,1,1,1,1,1,1,1,1,-1,-1,-1,1,-1,1,1,1,-1,1,1,1,-1,-1,-1,1,-1,1,1,1
,1,1,1,1,1,1,1,1,1,1,1,1,1,-1,-1,-1,1,1,1,1,1,1,1,1,1,1,1,1,1,1,1,1,1,-1,1,1,1,1,1,1,1,1,1,-1,-1,-1,1,-1,1,1,1,-1,1,1,1,-1,-1,-1,1,-1,1,1,1,1
,1,1,1,1,1,1,1,1,1,1,1,1,-1,-1,-1,1,1,1,1,1,1,1,1,1,1,1,1,1,1,1,1,1,-1,1,1,1,1,1,1,1,1,1,-1,-1,-1,1,-1,1,1,1,-1,1,1,1,-1,-1,-1,1,-1,1,1,1,1,1
,1,1,1,1,1,1,1,1,1,1,1,-1,-1,-1,1,1,1,1,1,1,1,1,1,1,1,1,1,1,1,1,1,-1,1,1,1,1,1,1,1,1,1,-1,-1,-1,1,-1,1,1,1,-1,1,1,1,-1,-1,-1,1,-1,1,1,1,1,1,1
,1,1,1,1,1,1,1,1,1,1,-1,-1,-1,1,1,1,1,1,1,1,1,1,1,1,1,1,1,1,1,1,-1,1,1,1,1,1,1,1,1,1,-1,-1,-1,1,-1,1,1,1,-1,1,1,1,-1,-1,-1,1,-1,1,1,1,1,1,1,1
,1,1,1,1,1,1,1,1,1,-1,-1,-1,1,1,1,1,1,1,1,1,1,1,1,1,1,1,1,1,1,-1,1,1,1,1,1,1,1,1,1,-1,-1,-1,1,-1,1,1,1,-1,1,1,1,-1,-1,-1,1,-1,1,1,1,1,1,1,1,1
,1,1,1,1,1,1,1,1,-1,-1,-1,1,1,1,1,1,1,1,1,1,1,1,1,1,1,1,1,1,-1,1,1,1,1,1,1,1,1,1,-1,-1,-1,1,-1,1,1,1,-1,1,1,1,-1,-1,-1,1,-1,1,1,1,1,1,1,1,1,1
,1,1,1,1,1,1,1,-1,-1,-1,1,1,1,1,1,1,1,1,1,1,1,1,1,1,1,1,1,-1,1,1,1,1,1,1,1,1,1,-1,-1,-1,1,-1,1,1,1,-1,1,1,1,-1,-1,-1,1,-1,1,1,1,1,1,1,1,1,1,1
,1,1,1,1,1,1,-1,-1,-1,1,1,1,1,1,1,1,1,1,1,1,1,1,1,1,1,1,-1,1,1,1,1,1,1,1,1,1,-1,-1,-1,1,-1,1,1,1,-1,1,1,1,-1,-1,-1,1,-1,1,1,1,1,1,1,1,1,1,1,1
,1,1,1,1,1,-1,-1,-1,1,1,1,1,1,1,1,1,1,1,1,1,1,1,1,1,1,-1,1,1,1,1,1,1,1,1,1,-1,-1,-1,1,-1,1,1,1,-1,1,1,1,-1,-1,-1,1,-1,1,1,1,1,1,1,1,1,1,1,1,1
,1,1,1,1,-1,-1,-1,1,1,1,1,1,1,1,1,1,1,1,1,1,1,1,1,1,-1,1,1,1,1,1,1,1,1,1,-1,-1,-1,1,-1,1,1,1,-1,1,1,1,-1,-1,-1,1,-1,1,1,1,1,1,1,1,1,1,1,1,1,1
,1,1,1,-1,-1,-1,1,1,1,1,1,1,1,1,1,1,1,1,1,1,1,1,1,-1,1,1,1,1,1,1,1,1,1,-1,-1,-1,1,-1,1,1,1,-1,1,1,1,-1,-1,-1,1,-1,1,1,1,1,1,1,1,1,1,1,1,1,1,1
,1,1,-1,-1,-1,1,1,1,1,1,1,1,1,1,1,1,1,1,1,1,1,1,-1,1,1,1,1,1,1,1,1,1,-1,-1,-1,1,-1,1,1,1,-1,1,1,1,-1,-1,-1,1,-1,1,1,1,1,1,1,1,1,1,1,1,1,1,1,1
,1,-1,-1,-1,1,1,1,1,1,1,1,1,1,1,1,1,1,1,1,1,1,-1,1,1,1,1,1,1,1,1,1,-1,-1,-1,1,-1,1,1,1,-1,1,1,1,-1,-1,-1,1,-1,1,1,1,1,1,1,1,1,1,1,1,1,1,1,1,1
,-1,-1,-1,1,1,1,1,1,1,1,1,1,1,1,1,1,1,1,1,1,-1,1,1,1,1,1,1,1,1,1,-1,-1,-1,1,-1,1,1,1,-1,1,1,1,-1,-1,-1,1,-1,1,1,1,1,1,1,1,1,1,1,1,1,1,1,1,1,1
,-1,-1,1,1,1,1,1,1,1,1,1,1,1,1,1,1,1,1,1,-1,1,1,1,1,1,1,1,1,1,-1,-1,-1,1,-1,1,1,1,-1,1,1,1,-1,-1,-1,1,-1,1,1,1,1,1,1,1,1,1,1,1,1,1,1,1,1,1,-1
,-1,1,1,1,1,1,1,1,1,1,1,1,1,1,1,1,1,1,-1,1,1,1,1,1,1,1,1,1,-1,-1,-1,1,-1,1,1,1,-1,1,1,1,-1,-1,-1,1,-1,1,1,1,1,1,1,1,1,1,1,1,1,1,1,1,1,1,-1,1
,1,1,1,1,1,1,1,1,1,1,1,1,1,1,1,1,1,-1,1,1,1,1,1,1,1,1,1,-1,-1,-1,1,-1,1,1,1,-1,1,1,1,-1,-1,-1,1,-1,1,1,1,1,1,1,1,1,1,1,1,1,1,1,1,1,1,-1,1,1
,1,1,1,1,1,1,1,1,1,1,1,1,1,1,1,1,-1,1,1,1,1,1,1,1,1,1,-1,-1,-1,1,-1,1,1,1,-1,1,1,1,-1,-1,-1,1,-1,1,1,1,1,1,1,1,1,1,1,1,1,1,1,1,1,1,-1,1,1,1
,1,1,1,1,1,1,1,1,1,1,1,1,1,1,1,-1,1,1,1,1,1,1,1,1,1,-1,-1,-1,1,-1,1,1,1,-1,1,1,1,-1,-1,-1,1,-1,1,1,1,1,1,1,1,1,1,1,1,1,1,1,1,1,1,-1,1,1,1,1
,1,1,1,1,1,1,1,1,1,1,1,1,1,1,-1,1,1,1,1,1,1,1,1,1,-1,-1,-1,1,-1,1,1,1,-1,1,1,1,-1,-1,-1,1,-1,1,1,1,1,1,1,1,1,1,1,1,1,1,1,1,1,1,-1,1,1,1,1,1
,1,1,1,1,1,1,1,1,1,1,1,1,1,-1,1,1,1,1,1,1,1,1,1,-1,-1,-1,1,-1,1,1,1,-1,1,1,1,-1,-1,-1,1,-1,1,1,1,1,1,1,1,1,1,1,1,1,1,1,1,1,1,-1,1,1,1,1,1,1
,1,1,1,1,1,1,1,1,1,1,1,1,-1,1,1,1,1,1,1,1,1,1,-1,-1,-1,1,-1,1,1,1,-1,1,1,1,-1,-1,-1,1,-1,1,1,1,1,1,1,1,1,1,1,1,1,1,1,1,1,1,-1,1,1,1,1,1,1,1
,1,1,1,1,1,1,1,1,1,1,1,-1,1,1,1,1,1,1,1,1,1,-1,-1,-1,1,-1,1,1,1,-1,1,1,1,-1,-1,-1,1,-1,1,1,1,1,1,1,1,1,1,1,1,1,1,1,1,1,1,-1,1,1,1,1,1,1,1,1
,1,1,1,1,1,1,1,1,1,1,-1,1,1,1,1,1,1,1,1,1,-1,-1,-1,1,-1,1,1,1,-1,1,1,1,-1,-1,-1,1,-1,1,1,1,1,1,1,1,1,1,1,1,1,1,1,1,1,1,-1,1,1,1,1,1,1,1,1,1
,1,1,1,1,1,1,1,1,1,-1,1,1,1,1,1,1,1,1,1,-1,-1,-1,1,-1,1,1,1,-1,1,1,1,-1,-1,-1,1,-1,1,1,1,1,1,1,1,1,1,1,1,1,1,1,1,1,1,-1,1,1,1,1,1,1,1,1,1,1
,1,1,1,1,1,1,1,1,-1,1,1,1,1,1,1,1,1,1,-1,-1,-1,1,-1,1,1,1,-1,1,1,1,-1,-1,-1,1,-1,1,1,1,1,1,1,1,1,1,1,1,1,1,1,1,1,1,-1,1,1,1,1,1,1,1,1,1,1,1
,1,1,1,1,1,1,1,-1,1,1,1,1,1,1,1,1,1,-1,-1,-1,1,-1,1,1,1,-1,1,1,1,-1,-1,-1,1,-1,1,1,1,1,1,1,1,1,1,1,1,1,1,1,1,1,1,-1,1,1,1,1,1,1,1,1,1,1,1,1
,1,1,1,1,1,1,-1,1,1,1,1,1,1,1,1,1,-1,-1,-1,1,-1,1,1,1,-1,1,1,1,-1,-1,-1,1,-1,1,1,1,1,1,1,1,1,1,1,1,1,1,1,1,1,1,-1,1,1,1,1,1,1,1,1,1,1,1,1,1
,1,1,1,1,1,-1,1,1,1,1,1,1,1,1,1,-1,-1,-1,1,-1,1,1,1,-1,1,1,1,-1,-1,-1,1,-1,1,1,1,1,1,1,1,1,1,1,1,1,1,1,1,1,1,-1,1,1,1,1,1,1,1,1,1,1,1,1,1,1
,1,1,1,1,-1,1,1,1,1,1,1,1,1,1,-1,-1,-1,1,-1,1,1,1,-1,1,1,1,-1,-1,-1,1,-1,1,1,1,1,1,1,1,1,1,1,1,1,1,1,1,1,1,-1,1,1,1,1,1,1,1,1,1,1,1,1,1,1,1
,1,1,1,-1,1,1,1,1,1,1,1,1,1,-1,-1,-1,1,-1,1,1,1,-1,1,1,1,-1,-1,-1,1,-1,1,1,1,1,1,1,1,1,1,1,1,1,1,1,1,1,1,-1,1,1,1,1,1,1,1,1,1,1,1,1,1,1,1,1
,1,1,-1,1,1,1,1,1,1,1,1,1,-1,-1,-1,1,-1,1,1,1,-1,1,1,1,-1,-1,-1,1,-1,1,1,1,1,1,1,1,1,1,1,1,1,1,1,1,1,1,-1,1,1,1,1,1,1,1,1,1,1,1,1,1,1,1,1,1
,1,-1,1,1,1,1,1,1,1,1,1,-1,-1,-1,1,-1,1,1,1,-1,1,1,1,-1,-1,-1,1,-1,1,1,1,1,1,1,1,1,1,1,1,1,1,1,1,1,1,-1,1,1,1,1,1,1,1,1,1,1,1,1,1,1,1,1,1,1
,-1,1,1,1,1,1,1,1,1,1,-1,-1,-1,1,-1,1,1,1,-1,1,1,1,-1,-1,-1,1,-1,1,1,1,1,1,1,1,1,1,1,1,1,1,1,1,1,1,-1,1,1,1,1,1,1,1,1,1,1,1,1,1,1,1,1,1,1,1
,1,1,1,1,1,1,1,1,1,-1,-1,-1,1,-1,1,1,1,-1,1,1,1,-1,-1,-1,1,-1,1,1,1,1,1,1,1,1,1,1,1,1,1,1,1,1,1,-1,1,1,1,1,1,1,1,1,1,1,1,1,1,1,1,1,1,1,1,1
,1,1,1,1,1,1,1,1,-1,-1,-1,1,-1,1,1,1,-1,1,1,1,-1,-1,-1,1,-1,1,1,1,1,1,1,1,1,1,1,1,1,1,1,1,1,1,-1,1,1,1,1,1,1,1,1,1,1,1,1,1,1,1,1,1,1,1,1,1
,1,1,1,1,1,1,1,-1,-1,-1,1,-1,1,1,1,-1,1,1,1,-1,-1,-1,1,-1,1,1,1,1,1,1,1,1,1,1,1,1,1,1,1,1,1,-1,1,1,1,1,1,1,1,1,1,1,1,1,1,1,1,1,1,1,1,1,1,1
,1,1,1,1,1,1,-1,-1,-1,1,-1,1,1,1,-1,1,1,1,-1,-1,-1,1,-1,1,1,1,1,1,1,1,1,1,1,1,1,1,1,1,1,1,-1,1,1,1,1,1,1,1,1,1,1,1,1,1,1,1,1,1,1,1,1,1,1,1
,1,1,1,1,1,-1,-1,-1,1,-1,1,1,1,-1,1,1,1,-1,-1,-1,1,-1,1,1,1,1,1,1,1,1,1,1,1,1,1,1,1,1,1,-1,1,1,1,1,1,1,1,1,1,1,1,1,1,1,1,1,1,1,1,1,1,1,1,1
,1,1,1,1,-1,-1,-1,1,-1,1,1,1,-1,1,1,1,-1,-1,-1,1,-1,1,1,1,1,1,1,1,1,1,1,1,1,1,1,1,1,1,-1,1,1,1,1,1,1,1,1,1,1,1,1,1,1,1,1,1,1,1,1,1,1,1,1,1
,1,1,1,-1,-1,-1,1,-1,1,1,1,-1,1,1,1,-1,-1,-1,1,-1,1,1,1,1,1,1,1,1,1,1,1,1,1,1,1,1,1,-1,1,1,1,1,1,1,1,1,1,1,1,1,1,1,1,1,1,1,1,1,1,1,1,1,1,1
,1,1,-1,-1,-1,1,-1,1,1,1,-1,1,1,1,-1,-1,-1,1,-1,1,1,1,1,1,1,1,1,1,1,1,1,1,1,1,1,1,-1,1,1,1,1,1,1,1,1,1,1,1,1,1,1,1,1,1,1,1,1,1,1,1,1,1,1,1
,1,-1,-1,-1,1,-1,1,1,1,-1,1,1,1,-1,-1,-1,1,-1,1,1,1,1,1,1,1,1,1,1,1,1,1,1,1,1,1,-1,1,1,1,1,1,1,1,1,1,1,1,1,1,1,1,1,1,1,1,1,1,1,1,1,1,1,1,1
,-1,-1,-1,1,-1,1,1,1,-1,1,1,1,-1,-1,-1,1,-1,1,1,1,1,1,1,1,1,1,1,1,1,1,1,1,1,1,-1,1,1,1,1,1,1,1,1,1,1,1,1,1,1,1,1,1,1,1,1,1,1,1,1,1,1,1,1,1
,-1,-1,1,-1,1,1,1,-1,1,1,1,-1,-1,-1,1,-1,1,1,1,1,1,1,1,1,1,1,1,1,1,1,1,1,1,-1,1,1,1,1,1,1,1,1,1,1,1,1,1,1,1,1,1,1,1,1,1,1,1,1,1,1,1,1,1,-1
,-1,1,-1,1,1,1,-1,1,1,1,-1,-1,-1,1,-1,1,1,1,1,1,1,1,1,1,1,1,1,1,1,1,1,1,-1,1,1,1,1,1,1,1,1,1,1,1,1,1,1,1,1,1,1,1,1,1,1,1,1,1,1,1,1,1,-1,-1
,1,-1,1,1,1,-1,1,1,1,-1,-1,-1,1,-1,1,1,1,1,1,1,1,1,1,1,1,1,1,1,1,1,1,-1,1,1,1,1,1,1,1,1,1,1,1,1,1,1,1,1,1,1,1,1,1,1,1,1,1,1,1,1,1,-1,-1,-1
,-1,1,1,1,-1,1,1,1,-1,-1,-1,1,-1,1,1,1,1,1,1,1,1,1,1,1,1,1,1,1,1,1,-1,1,1,1,1,1,1,1,1,1,1,1,1,1,1,1,1,1,1,1,1,1,1,1,1,1,1,1,1,1,-1,-1,-1,-1
,1,1,1,-1,1,1,1,-1,-1,-1,1,-1,1,1,1,1,1,1,1,1,1,1,1,1,1,1,1,1,1,-1,1,1,1,1,1,1,1,1,1,1,1,1,1,1,1,1,1,1,1,1,1,1,1,1,1,1,1,1,1,-1,-1,-1,-1,-1
,1,1,-1,1,1,1,-1,-1,-1,1,-1,1,1,1,1,1,1,1,1,1,1,1,1,1,1,1,1,1,-1,1,1,1,1,1,1,1,1,1,1,1,1,1,1,1,1,1,1,1,1,1,1,1,1,1,1,1,1,1,-1,-1,-1,-1,-1,-1
,1,-1,1,1,1,-1,-1,-1,1,-1,1,1,1,1,1,1,1,1,1,1,1,1,1,1,1,1,1,-1,1,1,1,1,1,1,1,1,1,1,1,1,1,1,1,1,1,1,1,1,1,1,1,1,1,1,1,1,1,-1,-1,-1,-1,-1,-1,1
,-1,1,1,1,-1,-1,-1,1,-1,1,1,1,1,1,1,1,1,1,1,1,1,1,1,1,1,1,-1,1,1,1,1,1,1,1,1,1,1,1,1,1,1,1,1,1,1,1,1,1,1,1,1,1,1,1,1,1,-1,-1,-1,-1,-1,-1,1,1
,1,1,1,-1,-1,-1,1,-1,1,1,1,1,1,1,1,1,1,1,1,1,1,1,1,1,1,-1,1,1,1,1,1,1,1,1,1,1,1,1,1,1,1,1,1,1,1,1,1,1,1,1,1,1,1,1,1,-1,-1,-1,-1,-1,-1,1,1,1
,1,1,-1,-1,-1,1,-1,1,1,1,1,1,1,1,1,1,1,1,1,1,1,1,1,1,-1,1,1,1,1,1,1,1,1,1,1,1,1,1,1,1,1,1,1,1,1,1,1,1,1,1,1,1,1,1,-1,-1,-1,-1,-1,-1,1,1,1,1
,1,-1,-1,-1,1,-1,1,1,1,1,1,1,1,1,1,1,1,1,1,1,1,1,1,-1,1,1,1,1,1,1,1,1,1,1,1,1,1,1,1,1,1,1,1,1,1,1,1,1,1,1,1,1,1,-1,-1,-1,-1,-1,-1,1,1,1,1,1
,-1,-1,-1,1,-1,1,1,1,1,1,1,1,1,1,1,1,1,1,1,1,1,1,-1,1,1,1,1,1,1,1,1,1,1,1,1,1,1,1,1,1,1,1,1,1,1,1,1,1,1,1,1,1,-1,-1,-1,-1,-1,-1,1,1,1,1,1,-1
,-1,-1,1,-1,1,1,1,1,1,1,1,1,1,1,1,1,1,1,1,1,1,-1,1,1,1,1,1,1,1,1,1,1,1,1,1,1,1,1,1,1,1,1,1,1,1,1,1,1,1,1,1,-1,-1,-1,-1,-1,-1,1,1,1,1,1,-1,-1
,-1,1,-1,1,1,1,1,1,1,1,1,1,1,1,1,1,1,1,1,1,-1,1,1,1,1,1,1,1,1,1,1,1,1,1,1,1,1,1,1,1,1,1,1,1,1,1,1,1,1,1,-1,-1,-1,-1,-1,-1,1,1,1,1,1,-1,-1,-1
,1,-1,1,1,1,1,1,1,1,1,1,1,1,1,1,1,1,1,1,-1,1,1,1,1,1,1,1,1,1,1,1,1,1,1,1,1,1,1,1,1,1,1,1,1,1,1,1,1,1,-1,-1,-1,-1,-1,-1,1,1,1,1,1,-1,-1,-1,-1
,-1,1,1,1,1,1,1,1,1,1,1,1,1,1,1,1,1,1,-1,1,1,1,1,1,1,1,1,1,1,1,1,1,1,1,1,1,1,1,1,1,1,1,1,1,1,1,1,1,-1,-1,-1,-1,-1,-1,1,1,1,1,1,-1,-1,-1,-1,1
,1,1,1,1,1,1,1,1,1,1,1,1,1,1,1,1,1,-1,1,1,1,1,1,1,1,1,1,1,1,1,1,1,1,1,1,1,1,1,1,1,1,1,1,1,1,1,1,-1,-1,-1,-1,-1,-1,1,1,1,1,1,-1,-1,-1,-1,1,1
