3.000000,-0.001063,0.000759,0.000538,-0.000987,-0.000387,-0.000943,0.001226,-0.000660,-0.000502,-0.002107
2.800000,-0.001944,0.003286,0.000035,0.001558,0.001139,-0.001020,-0.003437,0.002372,0.002391,-0.000157
2.600000,0.000213,-0.001562,-0.004638,-0.002639,-0.002447,0.000963,-0.001363,-0.002327,-0.000821,-0.000414
2.400000,0.032229,0.004012,-0.032056,-0.033188,-0.021259,0.026223,-0.012448,0.045791,0.000278,-0.033854
2.390000,-0.006085,-0.027615,-0.027403,-0.005623,-0.000754,0.022380,-0.015506,-0.031347,0.011981,-0.018329
2.380000,0.017485,-0.001159,-0.006857,-0.036038,0.028097,-0.008134,0.021968,-0.013179,0.041152,-0.000234
2.370000,-0.008751,0.036134,0.000126,-0.029017,-0.003837,0.024732,-0.016430,-0.035174,0.006138,-0.029252
2.360000,0.019744,-0.041236,-0.077770,0.044347,0.018617,0.039065,-0.015426,0.017399,0.038350,0.045436
2.350000,-0.047407,-0.032730,-0.011399,0.032540,0.010810,0.039830,-0.036602,0.067287,0.007429,0.011844
2.340000,0.039690,-0.067099,0.014531,0.031802,-0.060255,0.054024,0.001941,-0.023907,-0.069805,0.051000
2.330000,-0.004802,0.050531,0.114956,0.082770,-0.110111,-0.038983,-0.072444,0.011162,-0.090637,0.062061
2.320000,0.073885,0.036772,-0.004585,0.001685,-0.045400,-0.003667,-0.085363,-0.068316,-0.013329,0.018199
2.310000,0.092934,0.001928,0.093767,0.058617,-0.052599,-0.001552,-0.102095,-0.012543,-0.065500,-0.044366
2.300000,-0.051008,0.044030,-0.097753,0.035315,-0.203476,-0.082326,0.123511,0.108514,-0.018966,-0.101957
2.290000,0.075614,0.101328,0.155271,0.123954,-0.131798,-0.148045,-0.184630,0.083358,0.117783,0.031988
2.280000,0.144450,-0.142011,-0.093162,0.153465,0.322006,0.090619,-0.128659,-0.124176,0.087210,-0.083718
2.270000,0.048236,0.092387,0.007807,-0.326468,0.301623,-0.081219,0.198833,0.234730,-0.064817,-0.013355
2.260000,0.105593,0.070939,0.075891,-0.131275,-0.095394,-0.155197,-0.101265,0.237531,-0.055195,-0.169521
2.250000,-0.240751,0.068237,-0.299865,-0.015906,-0.176510,0.372439,0.436543,-0.297755,0.040599,-0.179031
2.240000,0.259969,0.178304,0.150765,0.547891,0.033883,-0.143336,-0.110948,-0.216433,-0.170909,0.255712
2.230000,-0.583676,0.144736,-0.190827,-0.011260,-0.388610,0.315104,0.610462,-0.534139,-0.070638,-0.399029
2.220000,0.636403,-0.392013,0.612651,0.342963,-0.333335,0.350220,-0.069146,-0.022223,-0.064017,0.133572
2.210000,-0.276480,-0.375734,-0.747582,0.583389,0.522146,0.707900,0.165486,-0.311434,-0.132388,0.776609
2.200000,-0.309838,-0.775280,0.554896,-0.101574,-0.784953,-0.786282,-0.680297,0.768363,0.785116,0.676201
2.190000,-0.649928,-0.434237,-0.800508,-0.789580,-0.795621,-0.068596,-0.179375,-0.750852,0.143540,-0.416295
2.180000,-0.809684,-0.806526,-0.810913,0.209706,0.811156,0.811995,0.811191,0.802634,0.808986,0.810667
2.170000,0.820068,-0.698836,-0.813794,-0.818939,-0.817256,0.217467,0.819418,0.275041,0.820311,0.505466
2.160000,-0.817291,-0.660124,-0.829581,0.091864,-0.180495,-0.644609,0.827124,0.828065,0.827082,0.825675
2.150000,0.833852,0.833991,0.836215,0.837185,0.834012,0.835681,0.836077,0.834901,0.837277,0.836955
2.140000,0.844587,0.843414,0.698994,-0.842124,-0.844458,-0.843704,-0.843497,-0.844726,-0.843357,-0.843646
2.130000,-0.849851,-0.850588,-0.850807,-0.850424,-0.850875,-0.850572,-0.849694,-0.849445,-0.850388,-0.851491
2.120000,-0.856927,-0.619177,0.857160,0.856612,0.857269,0.857303,0.857040,0.856464,0.856836,0.856392
2.110000,0.861432,0.863063,0.863432,0.864149,0.862688,0.861768,0.862913,0.863006,0.861938,0.861310
2.100000,0.869209,0.867737,0.869394,0.867594,0.868699,0.868067,0.868322,0.868899,0.867981,0.868051
2.090000,0.873265,0.873960,0.874818,0.874416,0.874338,0.874054,0.873834,0.873520,0.873158,0.873157
2.080000,0.878753,0.878918,0.878704,0.878815,0.878228,0.878947,0.879355,0.878436,0.879648,0.878722
2.070000,0.883043,0.884533,0.884786,0.884537,0.883944,0.884494,0.883837,0.883949,0.883492,0.883067
2.060000,0.888513,0.887524,0.888506,0.888360,0.889004,0.888088,0.888377,0.887953,0.888623,0.888740
2.050000,0.893691,0.893448,0.892319,0.892662,0.893054,0.892667,0.892820,0.892261,0.892325,0.892792
2.040000,0.896489,0.897006,0.896801,0.897030,0.896406,0.896398,0.897006,0.896931,0.896500,0.897133
2.030000,0.900262,0.901068,0.900751,0.901252,0.900967,0.900329,0.900866,0.899805,0.900997,0.900603
2.020000,0.904303,0.904252,0.904314,0.904111,0.904487,0.904365,0.904534,0.904660,0.904060,0.904142
2.010000,0.907728,0.907892,0.908123,0.907953,0.907409,0.907580,0.907880,0.908293,0.907625,0.907732
2.000000,0.911432,0.911722,0.911272,0.911134,0.911177,0.911131,0.911318,0.911795,0.911234,0.910760
1.990000,0.914587,0.914203,0.914419,0.914427,0.914453,0.914128,0.914759,0.914280,0.914034,0.914104
1.790000,0.958235,0.958577,0.958411,0.958271,0.958356,0.958260,0.958229,0.958286,0.958103,0.958369
1.590000,0.980423,0.980387,0.980366,0.980387,0.980446,0.980437,0.980353,0.980382,0.980398,0.980470
1.390000,0.991745,0.991759,0.991755,0.991763,0.991781,0.991741,0.991756,0.991797,0.991758,0.991783
1.190000,0.997173,0.997178,0.997171,0.997189,0.997176,0.997167,0.997192,0.997168,0.997165,0.997185
0.990000,0.999261,0.999252,0.999261,0.999264,0.999266,0.999259,0.999254,0.999254,0.999252,0.999257
0.790000,0.999885,0.999884,0.999881,0.999886,0.999885,0.999883,0.999880,0.999884,0.999883,0.999884
0.590000,0.999916,0.999920,0.999919,0.999917,0.999915,0.999921,0.999918,0.999917,0.999918,0.999916
