3.000000,0.000187,0.001286,-0.003008,0.000902,0.000038,0.000852,-0.000197,0.000594,-0.001033,0.001218
2.800000,-0.000303,0.000120,-0.001725,0.001540,0.000489,0.001174,-0.002771,0.004023,0.001045,0.001587
2.600000,0.001077,-0.003031,-0.002679,0.002801,-0.002210,-0.001981,0.003344,0.010793,0.003383,0.001302
2.400000,0.003038,-0.027036,0.006195,0.012050,0.022739,-0.022857,-0.012669,-0.014350,0.034902,0.003889
2.390000,0.004128,-0.008017,0.008915,0.006737,-0.035880,-0.047291,-0.029199,-0.037589,-0.003961,-0.031787
2.380000,-0.021033,-0.010379,0.023334,-0.013860,0.016598,-0.008448,0.005398,-0.041658,0.012632,0.055248
2.370000,0.005331,0.012541,-0.052830,-0.010773,0.005518,-0.036566,0.018004,0.030102,0.049473,-0.023685
2.360000,0.002117,0.012743,-0.020191,-0.060523,0.028017,0.041351,-0.008442,-0.014924,-0.006667,-0.016388
2.350000,-0.042640,-0.024373,-0.019440,-0.000965,0.064267,0.011932,-0.050845,-0.010439,0.039036,-0.005740
2.340000,0.057493,0.062154,0.039148,-0.023792,0.045969,-0.046098,-0.059833,0.000501,0.056801,-0.073710
2.330000,0.023428,-0.049410,0.042337,-0.006270,0.022665,-0.000747,-0.003632,-0.025331,-0.023043,-0.023673
2.320000,-0.003589,-0.003727,0.016580,0.027486,0.057259,-0.086992,-0.056871,0.109065,0.002557,0.035217
2.310000,-0.037596,0.063994,0.032625,0.158737,-0.041428,-0.082312,-0.129514,0.094067,0.158443,0.058421
2.300000,0.000901,-0.183225,-0.048854,-0.014244,-0.208463,0.122145,0.094543,-0.044488,0.049080,-0.142929
2.290000,0.145391,-0.190603,-0.172225,0.011598,-0.011783,-0.163142,0.000593,0.065743,-0.029004,0.033649
2.280000,0.247202,0.094121,0.229487,0.056779,0.091356,0.043281,0.013702,-0.074246,-0.010215,-0.021155
2.270000,-0.218195,0.092650,0.095758,0.171569,0.064281,-0.141303,0.042692,0.165931,0.054937,-0.129054
2.260000,-0.022908,-0.411421,-0.384426,-0.195539,0.493844,-0.103161,-0.114382,-0.127673,0.145573,0.030369
2.250000,0.213078,-0.030570,-0.190045,-0.051748,-0.055054,-0.039188,-0.121500,0.330438,-0.133430,-0.088729
2.240000,-0.447679,0.189138,-0.017016,-0.038085,0.039805,-0.247723,-0.200404,-0.014031,0.060017,0.082343
2.230000,-0.008249,-0.057252,-0.225862,-0.349090,-0.013343,0.005841,-0.035652,-0.474265,-0.255104,0.614837
2.220000,0.401331,0.403179,0.525030,-0.512231,-0.097163,0.018478,-0.536822,-0.013937,0.141266,-0.084456
2.210000,-0.770976,-0.212715,0.139876,0.104098,-0.094327,0.103247,0.054208,0.392443,0.615547,-0.773905
2.200000,-0.348229,0.200825,-0.165667,-0.273913,0.017439,-0.413555,-0.295350,-0.783130,-0.786617,-0.790621
2.190000,0.649944,0.668614,0.797952,0.798797,0.168032,-0.457008,-0.657161,-0.447374,0.131729,0.017420
2.180000,-0.005666,-0.806867,0.243267,0.808941,0.803441,0.809932,0.805672,0.006271,-0.645014,0.805633
2.170000,0.821088,0.123503,-0.817921,-0.689271,-0.819581,-0.818886,-0.818716,-0.815812,-0.691739,0.814032
2.160000,0.824424,0.827165,0.826695,0.713147,-0.826560,-0.827539,-0.569744,0.829072,0.041202,-0.827038
2.150000,-0.834030,-0.835221,-0.837005,-0.835538,-0.834395,-0.836289,0.775949,0.836270,0.837148,0.835184
2.140000,0.341380,-0.840460,-0.843876,-0.845024,-0.844591,-0.842060,-0.845139,-0.844016,-0.843379,-0.844357
2.130000,-0.849789,-0.850377,-0.849803,-0.849993,-0.850338,-0.849622,-0.850631,0.389382,0.849875,0.851643
2.120000,0.857419,0.857260,0.856196,0.857167,0.856188,-0.541868,-0.856416,-0.855975,-0.855596,-0.856617
2.110000,-0.861103,-0.863148,-0.863406,-0.860699,-0.864654,-0.863637,-0.862993,-0.864457,-0.863025,-0.864144
2.100000,-0.868057,-0.868158,-0.868972,-0.867681,-0.867900,-0.272934,0.867675,0.868746,0.869312,0.869419
2.090000,0.874146,0.874666,0.873222,0.873496,0.873842,0.874081,0.873565,0.873633,0.874420,0.873571
2.080000,0.878739,0.880071,0.879721,0.879420,0.879581,0.879064,0.879934,0.879764,0.879014,0.880246
2.070000,0.883234,0.884092,0.883518,0.883560,0.883741,0.884006,0.883814,0.883385,0.883524,0.884572
2.060000,0.887774,0.888474,0.888648,0.888030,0.888326,0.887039,0.887131,0.888953,0.888738,0.888416
2.050000,0.892365,0.892691,0.892407,0.893240,0.892689,0.892834,0.892589,0.892340,0.892296,0.892371
2.040000,0.896664,0.897157,0.896212,0.896065,0.896211,0.896538,0.895996,0.896573,0.896110,0.896450
2.030000,0.900581,0.900367,0.900360,0.900640,0.900413,0.900818,0.900713,0.900697,0.900835,0.900358
2.020000,0.904044,0.903661,0.904202,0.904117,0.903961,0.903602,0.904010,0.904096,0.904129,0.904200
2.010000,0.907927,0.907605,0.907494,0.907337,0.907547,0.907301,0.908051,0.907553,0.907982,0.907868
2.000000,0.911316,0.911184,0.911028,0.911372,0.911393,0.911306,0.910400,0.910941,0.911437,0.910850
1.990000,0.914253,0.914269,0.914504,0.914656,0.914418,0.914137,0.914934,0.914159,0.914385,0.914780
1.790000,0.958401,0.958346,0.958236,0.958226,0.958274,0.958260,0.958332,0.958149,0.958228,0.958346
1.590000,0.980402,0.980410,0.980395,0.980353,0.980398,0.980389,0.980409,0.980402,0.980397,0.980424
1.390000,0.991788,0.991751,0.991751,0.991735,0.991772,0.991775,0.991790,0.991789,0.991776,0.991770
1.190000,0.997183,0.997172,0.997164,0.997164,0.997155,0.997171,0.997165,0.997154,0.997162,0.997175
0.990000,0.999251,0.999244,0.999245,0.999255,0.999259,0.999256,0.999263,0.999251,0.999261,0.999256
0.790000,0.999885,0.999883,0.999881,0.999882,0.999880,0.999884,0.999883,0.999882,0.999881,0.999883
0.590000,0.999919,0.999921,0.999920,0.999916,0.999918,0.999919,0.999919,0.999920,0.999918,0.999919
