3.000000,0.008751,-0.014755,-0.015912,0.002807,0.004135,-0.016772,-0.007051,0.008025,0.014206,0.002597
2.970001,-0.011662,0.001868,-0.001690,-0.016990,0.010711,-0.003210,0.001551,-0.003660,0.001420,-0.001640
2.940002,0.007126,-0.018404,0.005663,-0.025914,0.004989,-0.003026,0.000782,0.009303,0.012274,0.014461
2.910003,0.011235,-0.003616,-0.012040,-0.009536,-0.009999,0.002240,-0.007800,-0.008137,-0.001538,0.001637
2.880004,0.004169,0.009839,0.017350,0.007946,0.014507,-0.009914,0.001412,0.005284,-0.024544,-0.001528
2.850005,-0.015193,-0.010503,-0.010191,0.006454,-0.014539,0.012314,0.010266,-0.005004,-0.001388,-0.015550
2.820006,0.016558,0.005373,-0.028315,-0.015495,0.013770,0.003508,-0.006215,-0.002690,0.007817,-0.014028
2.790007,-0.011613,0.000319,0.027776,-0.000308,-0.010659,0.021120,0.000625,-0.016660,-0.000387,-0.003410
2.760008,-0.035084,0.010735,0.011537,-0.014341,0.002545,0.017089,-0.020356,0.012009,-0.004603,-0.009125
2.730009,-0.000157,-0.006846,-0.007647,-0.007819,-0.015087,0.033204,0.015970,-0.003621,0.006552,-0.000733
2.700010,-0.044937,-0.020159,-0.006684,0.008155,-0.016812,0.011988,-0.016720,-0.017628,0.015049,-0.007156
2.670011,0.000271,0.041704,0.039872,-0.005572,0.031440,0.041295,-0.004448,-0.009396,-0.015146,-0.017859
2.640012,-0.048246,-0.007448,0.002288,0.007248,0.023353,-0.014328,-0.001827,0.000553,0.037783,0.016288
2.610013,0.021797,0.003490,0.027449,0.006767,0.034852,0.011723,-0.000801,0.057460,0.033643,-0.011668
2.580014,-0.015475,-0.017487,-0.016544,0.007035,-0.014805,-0.002654,0.017711,-0.017702,0.014041,-0.030108
2.550015,-0.051390,0.025562,-0.030888,0.022358,-0.005737,-0.040686,-0.043861,-0.011308,-0.028020,-0.016571
2.520016,-0.058583,-0.001682,0.037128,0.028534,-0.041389,0.066211,0.015649,0.035434,-0.021020,0.008233
2.490017,0.011964,-0.032126,0.061398,-0.027627,-0.060730,-0.015798,-0.049828,0.028511,-0.060919,0.014183
2.460018,0.019369,0.090571,0.004853,-0.202849,-0.069129,-0.019569,-0.013012,0.139123,-0.032132,-0.068104
2.430019,0.036891,0.026395,0.129226,0.037420,-0.116754,-0.113803,-0.055970,0.040612,-0.056605,-0.027601
2.400020,0.044660,-0.066066,-0.056549,0.037442,-0.118410,0.026079,-0.054365,0.030964,0.059694,-0.023400
2.370021,-0.025640,-0.288872,-0.194703,0.050997,0.012234,-0.043564,0.087652,0.049029,0.077746,-0.167965
2.340022,-0.080679,0.165707,-0.187384,-0.064560,0.159220,-0.007588,-0.113771,0.166223,-0.189040,-0.059316
2.310023,-0.077435,-0.001954,-0.186441,0.070738,-0.064932,0.020004,0.035959,0.102074,0.145110,0.127507
2.280024,-0.042387,-0.088957,0.118960,0.219784,0.012324,-0.140273,-0.397403,-0.266512,-0.271770,0.268984
2.250025,-0.185852,-0.291454,0.084036,-0.320903,-0.064763,-0.259848,-0.425102,0.434347,-0.201143,-0.096602
2.220026,0.094885,0.143563,-0.455780,0.739739,0.024302,-0.152407,-0.584662,0.553204,0.308732,-0.318317
2.190027,0.538494,0.016357,-0.792354,-0.393636,0.512970,-0.132489,-0.225539,-0.219688,0.184570,-0.830073
2.160028,-0.837317,-0.838566,-0.736079,-0.644270,0.080450,0.049498,0.562388,-0.843773,-0.163408,0.846991
2.130028,0.858168,0.859001,0.055695,0.162899,-0.161898,0.851153,0.859750,0.863103,0.852673,-0.580707
2.100029,0.547311,0.884871,0.886452,0.880684,-0.099436,-0.880961,-0.880720,-0.877695,-0.887090,-0.885297
2.070030,-0.894217,-0.896534,-0.901579,-0.896935,-0.897706,-0.901825,-0.901622,-0.898715,-0.900175,-0.895476
2.040031,-0.915947,-0.910742,-0.911014,-0.914875,-0.913822,-0.907724,-0.915882,-0.911928,-0.913797,-0.910401
2.010032,-0.923912,-0.929303,-0.928925,-0.926973,-0.921464,-0.929476,-0.929381,-0.927723,-0.920164,-0.924661
1.980033,-0.940154,-0.942102,-0.938830,-0.940892,-0.941103,-0.940042,-0.942305,-0.940450,-0.944086,-0.936237
1.950034,-0.946244,-0.949362,-0.949604,-0.948101,-0.950362,-0.949197,0.220515,0.947799,0.948857,0.948678
1.920035,0.958034,0.958911,0.956783,0.957911,0.959024,0.957669,0.960050,0.958785,0.960850,0.955306
1.890036,0.965756,0.965073,0.967587,0.966227,0.968020,0.967988,0.965407,0.967779,0.966161,0.965942
1.860037,0.972687,0.972648,0.973312,0.971458,0.973459,0.972880,0.971847,0.971921,0.972408,0.972185
1.830038,0.976264,0.977470,0.977935,0.978118,0.978595,0.977542,0.977855,0.976013,0.978886,0.978420
1.800039,0.982465,0.981112,0.982423,0.981742,0.980885,0.982055,0.982502,0.982263,0.981083,0.981694
1.770040,0.985091,0.984930,0.985887,0.984318,0.985373,0.984982,0.984598,0.985253,0.985194,0.985305
1.740041,0.988005,0.987545,0.988497,0.988854,0.988184,0.988773,0.987684,0.987195,0.988571,0.987833
1.710042,0.990619,0.990146,0.989718,0.989784,0.989994,0.990557,0.990273,0.990444,0.990203,0.989814
1.680043,0.992547,0.991815,0.992108,0.991874,0.992580,0.992614,0.992162,0.991796,0.991934,0.991879
1.650044,0.994083,0.993701,0.993272,0.993783,0.993750,0.993446,0.993891,0.993554,0.993550,0.993984
1.620045,0.994987,0.994599,0.995063,0.994324,0.994605,0.994844,0.994742,0.994900,0.995377,0.994868
1.590046,0.996042,0.996166,0.995950,0.996010,0.995738,0.996071,0.995944,0.995851,0.996071,0.996140
1.560047,0.996687,0.996471,0.996976,0.996606,0.996724,0.996849,0.997212,0.996743,0.996931,0.996122
1.530048,0.997512,0.997754,0.997507,0.997607,0.997243,0.997616,0.997353,0.997477,0.997377,0.997687
1.500049,0.998128,0.998012,0.997776,0.997891,0.997719,0.997880,0.997833,0.998086,0.997978,0.997860
1.470050,0.998391,0.998456,0.998391,0.998340,0.998441,0.998288,0.998437,0.998292,0.998437,0.998338
1.440051,0.998879,0.998710,0.998647,0.998737,0.998721,0.998620,0.998729,0.998730,0.998619,0.998735
1.410052,0.999045,0.998963,0.999032,0.998949,0.998910,0.999014,0.998915,0.998961,0.998997,0.999017
1.380053,0.999232,0.999076,0.999210,0.999264,0.999178,0.999308,0.999118,0.999214,0.999317,0.999179
1.350054,0.999550,0.999434,0.999301,0.999358,0.999352,0.999416,0.999406,0.999361,0.999414,0.999434
1.320055,0.999487,0.999500,0.999557,0.999480,0.999617,0.999464,0.999463,0.999529,0.999488,0.999554
1.290056,0.999551,0.999610,0.999567,0.999566,0.999620,0.999623,0.999625,0.999634,0.999561,0.999602
1.260057,0.999684,0.999692,0.999715,0.999711,0.999671,0.999660,0.999691,0.999550,0.999713,0.999720
1.230058,0.999747,0.999784,0.999796,0.999748,0.999807,0.999767,0.999825,0.999697,0.999771,0.999783
1.200059,0.999853,0.999874,0.999823,0.999828,0.999807,0.999814,0.999823,0.999816,0.999833,0.999805
1.170060,0.999798,0.999887,0.999860,0.999869,0.999887,0.999857,0.999878,0.999836,0.999863,0.999872
1.140061,0.999906,0.999889,0.999902,0.999895,0.999891,0.999877,0.999878,0.999880,0.999904,0.999876
1.110062,0.999909,0.999919,0.999936,0.999906,0.999937,0.999904,0.999910,0.999925,0.999925,0.999925
1.080063,0.999932,0.999941,0.999910,0.999928,0.999921,0.999891,0.999963,0.999951,0.999942,0.999920
1.050064,0.999955,0.999943,0.999943,0.999942,0.999935,0.999941,0.999938,0.999971,0.999957,0.999951
1.020065,0.999953,0.999976,0.999965,0.999960,0.999957,0.999954,0.999965,0.999968,0.999971,0.999966
0.990066,0.999977,0.999975,0.999970,0.999965,0.999970,0.999972,0.999978,0.999967,0.999981,0.999964
0.960067,0.999989,0.999989,0.999985,0.999980,0.999978,0.999979,0.999985,0.999982,0.999988,0.999979
0.930068,0.999995,0.999984,0.999991,0.999979,0.999992,0.999988,0.999988,0.999986,0.999982,0.999983
0.900069,0.999992,0.999997,0.999979,0.999991,0.999987,0.999989,0.999990,0.999980,0.999993,0.999991
0.870070,0.999998,0.999991,0.999989,0.999991,0.999989,0.999997,0.999996,0.999996,0.999987,0.999992
0.840071,0.999999,0.999994,0.999993,0.999999,0.999996,0.999992,0.999999,0.999992,0.999994,0.999996
0.810072,0.999996,0.999998,0.999999,0.999998,0.999999,0.999993,0.999996,0.999999,0.999994,0.999992
0.780073,0.999992,0.999996,0.999998,0.999998,0.999999,0.999994,0.999996,1.000000,0.999999,0.999998
0.750074,0.999999,0.999997,0.999997,0.999996,0.999998,0.999994,0.999999,0.999998,1.000000,0.999999
0.720075,1.000000,0.999997,1.000000,1.000000,1.000000,0.999999,1.000000,0.999999,0.999998,0.999997
0.690076,0.999997,1.000000,1.000000,1.000000,1.000000,1.000000,1.000000,0.999998,0.999999,1.000000
0.660077,1.000000,0.999998,1.000000,1.000000,1.000000,1.000000,1.000000,0.999997,1.000000,1.000000
0.630078,1.000000,1.000000,1.000000,1.000000,1.000000,1.000000,1.000000,1.000000,1.000000,1.000000
0.600079,1.000000,1.000000,1.000000,1.000000,1.000000,1.000000,0.999999,1.000000,1.000000,1.000000
0.570080,0.999997,1.000000,1.000000,1.000000,1.000000,1.000000,1.000000,1.000000,1.000000,1.000000
0.540081,1.000000,1.000000,1.000000,1.000000,1.000000,1.000000,1.000000,1.000000,1.000000,1.000000
0.510082,1.000000,1.000000,1.000000,1.000000,1.000000,1.000000,1.000000,1.000000,1.000000,1.000000
0.480083,1.000000,1.000000,1.000000,1.000000,1.000000,1.000000,1.000000,1.000000,1.000000,1.000000
0.450084,1.000000,1.000000,1.000000,1.000000,1.000000,1.000000,1.000000,1.000000,1.000000,1.000000
0.420085,1.000000,1.000000,1.000000,1.000000,1.000000,1.000000,1.000000,1.000000,1.000000,1.000000
0.390086,1.000000,1.000000,1.000000,1.000000,1.000000,1.000000,1.000000,1.000000,1.000000,1.000000
0.360087,1.000000,1.000000,1.000000,1.000000,1.000000,1.000000,1.000000,1.000000,1.000000,1.000000
0.330088,1.000000,1.000000,1.000000,1.000000,1.000000,1.000000,1.000000,1.000000,1.000000,1.000000
0.300089,1.000000,1.000000,1.000000,1.000000,1.000000,1.000000,1.000000,1.000000,1.000000,1.000000
0.270090,1.000000,1.000000,1.000000,1.000000,1.000000,1.000000,1.000000,1.000000,1.000000,1.000000
0.240091,1.000000,1.000000,1.000000,1.000000,1.000000,1.000000,1.000000,1.000000,1.000000,1.000000
0.210092,1.000000,1.000000,1.000000,1.000000,1.000000,1.000000,1.000000,1.000000,1.000000,1.000000
0.180093,1.000000,1.000000,1.000000,1.000000,1.000000,1.000000,1.000000,1.000000,1.000000,1.000000
0.150094,1.000000,1.000000,1.000000,1.000000,1.000000,1.000000,1.000000,1.000000,1.000000,1.000000
0.120095,1.000000,1.000000,1.000000,1.000000,1.000000,1.000000,1.000000,1.000000,1.000000,1.000000
0.090096,1.000000,1.000000,1.000000,1.000000,1.000000,1.000000,1.000000,1.000000,1.000000,1.000000
0.060097,1.000000,1.000000,1.000000,1.000000,1.000000,1.000000,1.000000,1.000000,1.000000,1.000000
0.030098,1.000000,1.000000,1.000000,1.000000,1.000000,1.000000,1.000000,1.000000,1.000000,1.000000
