3.000000,-0.018174,0.019755,-0.012406,0.001356,-0.007894,0.028524,0.015023,-0.010388,-0.026488,-0.001108
2.970001,-0.024827,-0.018032,0.007140,0.007517,-0.017277,0.007139,-0.011229,0.007948,-0.020544,-0.013241
2.940002,-0.028677,0.001326,0.001612,0.007120,0.012860,0.015447,0.006967,0.004228,-0.011867,-0.018689
2.910003,-0.007481,-0.031074,-0.011394,-0.000647,0.010831,0.001434,-0.006308,0.002998,0.020830,0.011661
2.880004,-0.009711,0.012070,-0.011628,-0.001661,-0.003941,-0.006197,0.039146,0.009302,-0.050065,-0.022201
2.850005,-0.019931,0.022997,-0.034123,0.010297,0.008866,-0.022187,0.017493,0.003066,-0.027619,-0.008464
2.820006,-0.006444,0.004162,-0.004352,0.020208,0.003929,0.030056,0.000943,0.023427,-0.003924,0.016555
2.790007,0.044540,0.015767,-0.033960,-0.013229,-0.008037,-0.037325,0.038011,-0.014020,0.020477,0.001314
2.760008,-0.003932,0.035502,0.004526,0.020527,-0.028248,0.004677,0.003973,0.007101,0.029526,0.015397
2.730009,-0.043529,-0.010074,-0.021192,0.000347,0.041680,0.009860,0.010933,0.027905,0.014540,0.011129
2.700010,0.012034,0.025409,-0.019971,0.021946,-0.003178,0.000659,0.007373,0.066645,-0.011929,-0.013463
2.670011,0.064855,0.032868,0.035633,-0.042880,0.001381,-0.015960,-0.006643,-0.010043,0.059654,-0.003517
2.640012,0.012057,-0.063920,0.028815,0.003431,0.005562,-0.025548,-0.082485,-0.003726,-0.081335,-0.021852
2.610013,-0.054378,-0.001720,0.096061,-0.011552,0.023679,0.008888,-0.005412,0.033782,0.002700,-0.035578
2.580014,0.057065,0.030193,0.049553,0.000148,0.057633,-0.070573,0.102264,0.001105,0.025398,0.007470
2.550015,0.095408,0.054854,0.103586,-0.005804,0.024856,-0.016299,0.005452,0.103356,-0.041154,-0.099049
2.520016,-0.003730,0.025362,-0.038586,0.051198,-0.006247,-0.005774,0.117844,0.100949,0.103232,0.098767
2.490017,0.134591,0.038669,0.025964,-0.067841,-0.292314,-0.169629,-0.009244,-0.013428,-0.095915,-0.007926
2.460018,-0.029677,-0.151559,-0.024029,-0.150882,0.007488,0.132779,-0.114760,-0.004338,-0.024692,0.158020
2.430019,0.091393,-0.043858,0.014022,0.052769,-0.092672,0.007601,-0.281865,-0.098238,-0.022941,0.178135
2.400020,-0.413091,0.305318,-0.178686,0.239980,0.206042,-0.029778,0.138910,-0.131213,0.122060,-0.141303
2.370021,-0.188074,-0.117942,0.391928,0.027692,-0.251315,-0.147131,-0.142580,0.313299,-0.201246,-0.389834
2.340022,0.550300,0.351768,-0.319828,-0.472402,0.188993,0.438762,0.486562,0.206210,0.453008,-0.246336
2.310023,-0.672375,-0.608647,-0.238265,0.387248,-0.469529,-0.551062,-0.659024,0.421605,0.653865,0.518985
2.280024,0.194576,-0.499538,-0.567033,-0.704171,0.081489,0.689463,0.482068,-0.006297,0.685694,0.680448
2.250025,0.383375,-0.702507,-0.734940,-0.613820,-0.633035,-0.739603,-0.620483,-0.685538,-0.727011,-0.646423
2.220026,-0.775804,-0.797049,-0.772380,-0.790327,-0.800039,-0.756467,-0.727506,-0.785470,-0.571727,-0.736383
2.190027,-0.803184,-0.798530,-0.831054,-0.826356,-0.804664,-0.783760,-0.805389,-0.821789,-0.745303,-0.810584
2.160028,-0.832069,-0.852412,-0.840762,-0.769410,-0.846364,-0.833804,-0.827552,-0.826631,-0.832034,-0.816299
2.130028,-0.861891,-0.850172,-0.858577,-0.852486,-0.838833,-0.855656,-0.850238,-0.855849,-0.860392,-0.853229
2.100029,-0.874837,-0.869176,-0.860121,-0.862216,-0.864402,-0.877546,-0.872059,-0.842190,-0.873628,-0.874886
2.070030,-0.881829,-0.875025,-0.880324,-0.875583,-0.877783,-0.877425,-0.884441,-0.864442,-0.881775,-0.885754
2.040031,-0.894172,-0.891122,-0.890694,-0.893691,-0.896087,-0.895680,-0.895521,-0.891820,-0.893600,-0.894612
2.010032,-0.904776,-0.901993,-0.890091,-0.899905,-0.904753,-0.904455,-0.905806,-0.899681,-0.903578,-0.899760
1.980033,-0.910035,-0.917382,-0.910447,-0.917127,-0.917853,-0.914110,-0.912051,-0.915382,-0.915214,-0.910243
1.950034,-0.923743,-0.920793,-0.930028,-0.921646,-0.926320,-0.923974,-0.923476,-0.924013,-0.924737,-0.922290
1.920035,-0.937819,-0.933566,-0.937974,-0.938488,-0.935066,-0.931788,-0.939185,-0.932075,-0.935403,-0.930100
1.890036,-0.939643,-0.937074,-0.940039,-0.943960,-0.943572,-0.942261,-0.942923,-0.946578,-0.942541,-0.939425
1.860037,-0.951312,-0.953742,-0.956400,-0.956551,-0.952213,-0.953459,-0.951319,-0.949895,-0.951485,-0.954374
1.830038,-0.958301,-0.958658,-0.959659,-0.960570,-0.959675,-0.958766,-0.958763,-0.958567,-0.959585,-0.962496
1.800039,-0.966884,-0.964188,-0.964560,-0.966797,-0.968534,-0.965590,-0.963608,-0.967532,-0.963568,-0.964973
1.770040,-0.971413,-0.969298,-0.971604,-0.970325,-0.970951,-0.969828,-0.967652,-0.974134,-0.969323,-0.970376
1.740041,-0.974085,-0.975319,-0.975548,-0.974908,-0.976371,-0.977258,-0.976344,-0.976392,-0.973211,-0.974357
1.710042,-0.978958,-0.980278,-0.978176,-0.980984,-0.980449,-0.981837,-0.981503,-0.978128,-0.980246,-0.979805
1.680043,-0.983594,-0.985412,-0.983425,-0.985460,-0.983402,-0.984078,-0.986335,-0.983756,-0.984075,-0.985903
1.650044,-0.986514,-0.987653,-0.987400,-0.985980,-0.985524,-0.987572,-0.987300,-0.986199,-0.988610,-0.988155
1.620045,-0.988901,-0.989810,-0.991354,-0.990082,-0.991306,-0.989602,-0.989380,-0.990211,-0.990056,-0.989937
1.590046,-0.991548,-0.991882,-0.991837,-0.992695,-0.991787,-0.992372,-0.991287,-0.992077,-0.991366,-0.992614
1.560047,-0.993756,-0.994146,-0.994328,-0.993474,-0.994164,-0.993660,-0.993657,-0.993790,-0.992975,-0.993693
1.530048,-0.994639,-0.994696,-0.994714,-0.995144,-0.995073,-0.994749,-0.995857,-0.995795,-0.994927,-0.994331
1.500049,-0.996344,-0.996081,-0.995556,-0.996202,-0.996522,-0.995827,-0.996181,-0.996476,-0.996607,-0.995874
1.470050,-0.997158,-0.997146,-0.996958,-0.996295,-0.997045,-0.997128,-0.996812,-0.997533,-0.997091,-0.997344
1.440051,-0.997830,-0.997696,-0.997763,-0.997577,-0.997728,-0.997387,-0.997696,-0.997302,-0.998022,-0.997859
1.410052,-0.998400,-0.998473,-0.998062,-0.998133,-0.998240,-0.998231,-0.998400,-0.998563,-0.998074,-0.998295
1.380053,-0.998825,-0.998439,-0.998744,-0.998718,-0.998958,-0.998515,-0.998787,-0.998690,-0.998727,-0.998522
1.350054,-0.998840,-0.998986,-0.998835,-0.999270,-0.998943,-0.998861,-0.998920,-0.998819,-0.998411,-0.999118
1.320055,-0.999105,-0.999238,-0.999260,-0.999211,-0.999396,-0.999191,-0.998987,-0.999306,-0.999495,-0.999064
1.290056,-0.999558,-0.999412,-0.999409,-0.999375,-0.999270,-0.999500,-0.999562,-0.999455,-0.999483,-0.999483
1.260057,-0.999588,-0.999549,-0.999419,-0.999465,-0.999633,-0.999647,-0.999460,-0.999369,-0.999691,-0.999593
1.230058,-0.999632,-0.999634,-0.999646,-0.999661,-0.999708,-0.999750,-0.999758,-0.999745,-0.999719,-0.999817
1.200059,-0.999746,-0.999845,-0.999740,-0.999765,-0.999817,-0.999711,-0.999756,-0.999788,-0.999784,-0.999830
1.170060,-0.999740,-0.999718,-0.999816,-0.999841,-0.999827,-0.999865,-0.999857,-0.999887,-0.999893,-0.999849
1.140061,-0.999898,-0.999928,-0.999788,-0.999923,-0.999906,-0.999884,-0.999903,-0.999863,-0.999893,-0.999887
1.110062,-0.999914,-0.999905,-0.999871,-0.999935,-0.999943,-0.999890,-0.999889,-0.999949,-0.999856,-0.999896
1.080063,-0.999922,-0.999915,-0.999970,-0.999916,-0.999934,-0.999948,-0.999926,-0.999974,-0.999968,-0.999977
1.050064,-0.999981,-0.999946,-0.999986,-0.999951,-0.999978,-0.999985,-0.999969,-0.999969,-0.999934,-0.999964
1.020065,-0.999937,-0.999977,-0.999967,-0.999955,-0.999981,-0.999968,-0.999988,-0.999979,-0.999980,-0.999959
0.990066,-0.999963,-0.999995,-0.999939,-0.999968,-0.999972,-0.999995,-0.999990,-0.999973,-0.999923,-0.999967
0.960067,-0.999985,-0.999993,-0.999980,-0.999996,-0.999988,-0.999974,-0.999991,-0.999994,-0.999988,-0.999999
0.930068,-0.999991,-0.999999,-1.000000,-0.999999,-0.999992,-0.999995,-0.999960,-0.999985,-1.000000,-0.999999
0.900069,-1.000000,-0.999997,-0.999991,-1.000000,-0.999984,-0.999988,-0.999998,-0.999986,-1.000000,-0.999996
0.870070,-0.999993,-0.999995,-0.999989,-0.999989,-0.999997,-1.000000,-0.999996,-0.999999,-0.999994,-0.999996
0.840071,-1.000000,-0.999997,-1.000000,-1.000000,-1.000000,-1.000000,-0.999995,-0.999997,-1.000000,-0.999997
0.810072,-0.999990,-1.000000,-0.999997,-1.000000,-0.999996,-0.999990,-1.000000,-0.999999,-0.999994,-0.999998
0.780073,-1.000000,-1.000000,-0.999997,-1.000000,-1.000000,-1.000000,-0.999995,-0.999992,-1.000000,-0.999989
0.750074,-0.999989,-1.000000,-0.999995,-1.000000,-1.000000,-1.000000,-1.000000,-0.999997,-1.000000,-0.999998
0.720075,-1.000000,-1.000000,-1.000000,-1.000000,-1.000000,-1.000000,-1.000000,-1.000000,-0.999993,-1.000000
0.690076,-1.000000,-1.000000,-1.000000,-1.000000,-1.000000,-0.999998,-1.000000,-1.000000,-1.000000,-1.000000
0.660077,-1.000000,-1.000000,-1.000000,-1.000000,-1.000000,-1.000000,-1.000000,-1.000000,-1.000000,-1.000000
0.630078,-1.000000,-1.000000,-1.000000,-1.000000,-1.000000,-1.000000,-1.000000,-1.000000,-1.000000,-1.000000
0.600079,-1.000000,-1.000000,-1.000000,-1.000000,-1.000000,-1.000000,-1.000000,-1.000000,-1.000000,-1.000000
0.570080,-1.000000,-1.000000,-1.000000,-1.000000,-1.000000,-1.000000,-1.000000,-1.000000,-1.000000,-1.000000
0.540081,-1.000000,-1.000000,-1.000000,-1.000000,-1.000000,-1.000000,-1.000000,-1.000000,-1.000000,-1.000000
0.510082,-1.000000,-1.000000,-1.000000,-1.000000,-1.000000,-1.000000,-1.000000,-1.000000,-1.000000,-1.000000
0.480083,-1.000000,-1.000000,-1.000000,-1.000000,-1.000000,-1.000000,-1.000000,-1.000000,-1.000000,-1.000000
0.450084,-1.000000,-1.000000,-1.000000,-1.000000,-1.000000,-1.000000,-1.000000,-1.000000,-1.000000,-1.000000
0.420085,-1.000000,-1.000000,-1.000000,-1.000000,-1.000000,-1.000000,-1.000000,-1.000000,-1.000000,-1.000000
0.390086,-1.000000,-1.000000,-1.000000,-1.000000,-1.000000,-1.000000,-1.000000,-1.000000,-1.000000,-1.000000
0.360087,-1.000000,-1.000000,-1.000000,-1.000000,-1.000000,-1.000000,-1.000000,-1.000000,-1.000000,-1.000000
0.330088,-1.000000,-1.000000,-1.000000,-1.000000,-1.000000,-1.000000,-1.000000,-1.000000,-1.000000,-1.000000
0.300089,-1.000000,-1.000000,-1.000000,-1.000000,-1.000000,-1.000000,-1.000000,-1.000000,-1.000000,-1.000000
0.270090,-1.000000,-1.000000,-1.000000,-1.000000,-1.000000,-1.000000,-1.000000,-1.000000,-1.000000,-1.000000
0.240091,-1.000000,-1.000000,-1.000000,-1.000000,-1.000000,-1.000000,-1.000000,-1.000000,-1.000000,-1.000000
0.210092,-1.000000,-1.000000,-1.000000,-1.000000,-1.000000,-1.000000,-1.000000,-1.000000,-1.000000,-1.000000
0.180093,-1.000000,-1.000000,-1.000000,-1.000000,-1.000000,-1.000000,-1.000000,-1.000000,-1.000000,-1.000000
0.150094,-1.000000,-1.000000,-1.000000,-1.000000,-1.000000,-1.000000,-1.000000,-1.000000,-1.000000,-1.000000
0.120095,-1.000000,-1.000000,-1.000000,-1.000000,-1.000000,-1.000000,-1.000000,-1.000000,-1.000000,-1.000000
0.090096,-1.000000,-1.000000,-1.000000,-1.000000,-1.000000,-1.000000,-1.000000,-1.000000,-1.000000,-1.000000
0.060097,-1.000000,-1.000000,-1.000000,-1.000000,-1.000000,-1.000000,-1.000000,-1.000000,-1.000000,-1.000000
0.030098,-1.000000,-1.000000,-1.000000,-1.000000,-1.000000,-1.000000,-1.000000,-1.000000,-1.000000,-1.000000
