2.500000,0.000964,-0.000381,0.000133,-0.000180,-0.000208,0.000506,-0.000157,-0.000116,-0.000563,-0.000167
2.475001,-0.000328,0.000315,0.000521,-0.000136,0.000046,-0.000401,0.000312,-0.000315,-0.000270,-0.000735
2.450002,-0.000991,0.000469,0.000690,-0.000823,-0.000267,-0.000185,-0.000473,0.000660,0.000828,-0.000558
2.425003,0.000195,0.000446,-0.000399,-0.000274,-0.000314,-0.000225,-0.000240,0.001097,0.000011,0.000125
2.400004,0.000383,0.000123,-0.000057,-0.000018,-0.000975,0.000472,0.000098,0.000203,-0.000454,0.000317
2.375005,-0.000511,-0.000630,0.000216,-0.000627,-0.000239,-0.000140,0.000246,-0.000449,-0.000463,-0.000949
2.350007,-0.000060,0.000642,0.000506,-0.000331,0.000552,0.000637,-0.000170,-0.000443,0.000144,0.000381
2.325008,-0.000049,0.000138,-0.000003,0.000163,-0.000088,-0.000639,-0.000304,-0.000246,0.000891,-0.000445
2.300009,-0.000557,0.000487,0.000213,0.000131,-0.000135,0.000314,-0.000261,-0.000267,-0.000348,-0.000353
2.275010,0.000099,-0.000001,-0.000214,0.000400,0.000257,0.000141,0.000217,0.000520,0.000754,0.000200
2.250011,-0.000514,0.000798,0.001059,-0.000074,-0.000769,0.000231,0.000626,-0.000529,0.000071,-0.000308
2.225012,0.000115,0.000125,-0.000106,-0.000974,0.001027,0.000882,-0.001048,0.000742,0.000129,0.001424
2.200013,-0.000361,-0.000020,0.001723,-0.000109,-0.000713,0.000384,0.001053,-0.000572,0.000957,-0.001460
2.175014,0.000842,-0.000605,-0.000049,-0.000339,-0.000918,-0.000124,-0.000263,-0.000522,-0.000189,0.000385
2.150015,0.000538,0.000705,0.001212,0.000004,0.001319,0.000078,0.001119,-0.000385,-0.000349,-0.000764
2.125016,-0.000574,0.000003,0.000931,0.000800,-0.000739,0.000812,0.001176,-0.002250,0.000088,0.001242
2.100018,0.000471,0.000939,0.000710,-0.000032,-0.001158,0.000507,-0.000300,0.000816,-0.000694,-0.000252
2.075019,0.000372,-0.001504,0.000455,-0.000492,0.000317,-0.001207,0.000133,-0.000378,0.000575,0.001030
2.050020,0.000445,0.000033,0.000313,0.001893,-0.000698,0.000425,0.000536,-0.000378,-0.000632,-0.000656
2.025021,0.000881,0.002112,0.000554,0.001237,-0.001436,-0.002193,0.000346,0.000288,0.000658,-0.001163
2.000022,0.001028,0.000040,0.000253,0.001444,-0.000759,0.001513,-0.000957,-0.001561,0.000329,0.000304
1.975023,-0.001074,-0.001526,-0.000577,-0.000240,-0.001312,-0.000076,-0.002471,0.000416,-0.000613,-0.000133
1.950024,0.001800,0.000322,-0.002436,-0.001836,-0.001315,-0.001392,-0.000705,-0.001387,0.002200,-0.001096
1.925025,0.001091,-0.000029,-0.000541,0.002255,-0.001680,0.000290,-0.000648,-0.001776,-0.000513,0.001996
1.900026,0.001302,0.000899,-0.001198,-0.000858,0.001635,0.000546,0.000608,-0.000502,-0.002033,0.001662
1.875027,-0.002677,-0.000619,-0.000277,0.000998,-0.000681,-0.002151,0.001819,0.001847,0.002041,-0.000239
1.850028,-0.002303,0.001290,0.001838,0.001062,0.001524,0.001678,0.000249,-0.000372,0.001116,-0.003532
1.825029,0.000008,-0.000347,-0.002408,0.002773,0.002656,0.000061,-0.002010,0.002352,-0.002343,0.001329
1.800030,0.001726,0.000043,0.001069,0.000242,0.001142,-0.000139,-0.001224,-0.000226,0.003191,0.001344
1.775031,-0.002214,-0.001663,-0.000790,0.001268,0.001871,0.000005,0.000657,0.000572,-0.003120,0.003168
1.750032,0.003629,-0.004175,-0.006154,-0.000096,0.000353,0.001680,-0.003641,-0.000191,-0.007219,-0.000547
1.725033,0.000205,-0.006367,-0.003274,0.000446,0.002213,-0.003403,-0.002950,-0.003121,0.000759,-0.001041
1.700034,-0.001060,-0.000121,-0.003817,0.000777,0.001421,0.002769,-0.003557,-0.002576,0.001204,0.002506
1.675035,-0.000480,0.001774,-0.004819,-0.005700,-0.005630,-0.001355,0.001325,0.005655,0.003808,0.004033
1.650036,-0.001509,-0.001287,0.003824,-0.003163,-0.000579,0.003095,-0.000611,-0.005109,0.000805,-0.006922
1.625037,-0.006921,-0.000178,-0.004619,0.001492,0.003742,-0.001477,-0.001105,-0.003840,0.002566,-0.001798
1.600038,0.004767,-0.002672,-0.001918,-0.001010,0.005063,-0.002763,-0.003219,0.000765,-0.005339,0.000772
1.575039,-0.001999,0.004693,0.004271,-0.004828,-0.004208,0.002162,0.001371,-0.005125,-0.000111,-0.005287
1.550040,-0.006549,-0.000190,0.006363,0.002865,0.011882,0.000285,0.002070,-0.001796,-0.005460,0.000257
1.525041,0.007337,0.003303,0.010275,-0.001055,0.001006,-0.003935,0.004372,0.002397,0.000464,-0.007703
1.500041,-0.001914,-0.007991,-0.005727,0.009189,0.009496,-0.012754,0.011807,0.002885,-0.006852,-0.005150
1.475042,-0.013032,-0.017353,0.000648,-0.009695,-0.007712,-0.009559,-0.008580,0.011314,-0.016349,-0.008748
1.450043,-0.014429,-0.000134,0.010618,-0.019074,-0.012978,0.002470,0.014419,-0.006013,-0.003793,0.002014
1.425044,0.007893,-0.025354,-0.000507,0.004545,0.008555,0.005592,-0.004636,-0.019069,-0.014234,-0.000521
1.400045,0.008971,-0.013615,-0.011789,0.001344,-0.029174,-0.008743,-0.005186,0.004432,0.002449,0.009784
1.375046,-0.003542,0.018433,0.030350,-0.009464,0.027346,0.005072,0.014154,-0.020197,-0.033875,-0.021846
1.350047,-0.013798,0.013585,0.038944,-0.005267,-0.002203,-0.014089,-0.014796,-0.005815,-0.001488,-0.007376
1.325048,-0.012894,0.017362,-0.001032,-0.016599,0.027487,0.020696,-0.026477,0.012069,0.024668,0.022292
1.300049,-0.007435,0.043162,0.001654,0.028658,-0.008208,-0.014555,-0.024787,-0.045712,0.039431,-0.009578
1.275050,-0.020481,0.020626,0.022290,-0.005512,-0.035858,0.003092,0.027009,-0.008274,-0.035667,-0.018120
1.250051,0.006639,0.032848,0.013384,-0.012055,0.021047,0.010294,-0.006217,-0.040323,0.013587,0.033533
1.225052,0.002910,0.055924,-0.011599,-0.023281,-0.009100,-0.050343,-0.031399,-0.009886,-0.044683,-0.002915
1.200053,-0.032556,0.046644,-0.013500,-0.021858,-0.008789,0.027687,0.009396,-0.055924,-0.025033,0.012908
1.175054,0.021499,-0.055924,-0.055020,-0.041410,-0.055924,-0.055924,0.008303,-0.055924,-0.018149,0.008974
1.150055,-0.017567,0.055924,0.002398,-0.055924,0.039527,-0.012484,0.016121,0.055924,-0.037947,0.053390
1.125056,0.055924,0.055924,-0.013969,-0.055924,-0.055924,0.004289,-0.055924,-0.055924,-0.021400,0.044212
1.100057,-0.050170,0.028613,-0.055924,-0.029171,0.049986,-0.014801,0.055924,-0.003139,-0.055924,-0.055924
1.075058,-0.055924,-0.055924,-0.037784,0.021081,-0.055924,-0.055924,-0.055924,-0.055924,0.042362,0.055924
1.050059,0.055924,0.055924,0.055924,0.055924,0.026547,0.055924,0.055924,0.055924,0.055924,0.001369
1.025060,-0.055924,-0.041209,0.055924,0.055924,-0.032624,-0.055924,-0.055924,-0.055924,-0.055924,-0.055924
1.000061,-0.055924,-0.055924,-0.055924,-0.055924,-0.055924,-0.055924,-0.055924,-0.055924,-0.055924,0.003835
0.975062,0.055924,0.055924,0.055924,0.055924,-0.055924,-0.055924,-0.055924,-0.055924,-0.055924,-0.055924
0.950063,-0.055924,-0.055924,-0.055924,-0.055924,-0.055924,-0.055924,-0.055924,-0.055924,-0.055924,-0.055924
0.925064,-0.055924,-0.055924,-0.055924,-0.055924,-0.055924,-0.055924,-0.055924,-0.041972,0.055924,0.055924
0.900065,0.055924,0.055924,0.055924,0.055924,0.055924,0.055924,0.055924,0.055924,0.055924,0.055924
0.875066,0.055924,0.055924,0.055924,0.055924,0.055924,0.055924,0.055924,0.055924,0.055924,0.055924
0.850067,0.055924,0.055924,0.055924,0.055924,0.055924,0.055924,0.055924,0.055924,0.055924,0.055924
0.825068,0.055924,0.055924,0.055924,0.055924,0.055924,0.055924,0.055924,0.055924,0.055924,0.055924
0.800069,0.055924,0.055924,0.055924,0.055924,0.055924,0.055924,0.055924,0.055924,0.055924,0.055924
0.775070,0.055924,0.055924,0.055924,0.055924,0.055924,0.055924,0.055924,0.055924,0.055924,0.055924
0.750071,0.055924,0.055924,0.055924,0.055924,0.055924,0.055924,0.055924,0.055924,0.055924,0.055924
0.725072,0.055924,0.055924,0.055924,0.055924,0.055924,0.055924,0.055924,0.055924,0.055924,0.055924
0.700073,0.055924,0.055924,0.055924,0.055924,0.055924,0.055924,0.055924,0.055924,0.055924,0.055924
0.675074,0.055924,0.055924,0.055924,0.055924,0.055924,0.055924,0.055924,0.055924,0.055924,0.055924
0.650075,0.055924,0.055924,0.055924,0.055924,0.055924,0.055924,0.055924,0.055924,0.055924,0.055924
0.625076,0.055924,0.055924,0.055924,0.055924,0.055924,0.055924,0.055924,0.055924,0.055924,0.055924
0.600077,0.055924,0.055924,0.055924,0.055924,0.055924,0.055924,0.055924,0.055924,0.055924,0.055924
0.575078,0.055924,0.055924,0.055924,0.055924,0.055924,0.055924,0.055924,0.055924,0.055924,0.055924
0.550079,0.055924,0.055924,0.055924,0.055924,0.055924,0.055924,0.055924,0.055924,0.055924,0.055924
0.525080,0.055924,0.055924,0.055924,0.055924,0.055924,0.055924,0.055924,0.055924,0.055924,0.055924
0.500081,0.055924,0.055924,0.055924,0.055924,0.055924,0.055924,0.055924,0.055924,0.055924,0.055924
0.475082,0.055924,0.055924,0.055924,0.055924,0.055924,0.055924,0.055924,0.055924,0.055924,0.055924
0.450083,0.055924,0.055924,0.055924,0.055924,0.055924,0.055924,0.055924,0.055924,0.055924,0.055924
0.425084,0.055924,0.055924,0.055924,0.055924,0.055924,0.055924,0.055924,0.055924,0.055924,0.055924
0.400085,0.055924,0.055924,0.055924,0.055924,0.055924,0.055924,0.055924,0.055924,0.055924,0.055924
0.375086,0.055924,0.055924,0.055924,0.055924,0.055924,0.055924,0.055924,0.055924,0.055924,0.055924
0.350087,0.055924,0.055924,0.055924,0.055924,0.055924,0.055924,0.055924,0.055924,0.055924,0.055924
0.325088,0.055924,0.055924,0.055924,0.055924,0.055924,0.055924,0.055924,0.055924,0.055924,0.055924
0.300089,0.055924,0.055924,0.055924,0.055924,0.055924,0.055924,0.055924,0.055924,0.055924,0.055924
0.275090,0.055924,0.055924,0.055924,0.055924,0.055924,0.055924,0.055924,0.055924,0.055924,0.055924
0.250091,0.055924,0.055924,0.055924,0.055924,0.055924,0.055924,0.055924,0.055924,0.055924,0.055924
0.225092,0.055924,0.055924,0.055924,0.055924,0.055924,0.055924,0.055924,0.055924,0.055924,0.055924
0.200093,0.055924,0.055924,0.055924,0.055924,0.055924,0.055924,0.055924,0.055924,0.055924,0.055924
0.175094,0.055924,0.055924,0.055924,0.055924,0.055924,0.055924,0.055924,0.055924,0.055924,0.055924
0.150095,0.055924,0.055924,0.055924,0.055924,0.055924,0.055924,0.055924,0.055924,0.055924,0.055924
0.125096,0.055924,0.055924,0.055924,0.055924,0.055924,0.055924,0.055924,0.055924,0.055924,0.055924
0.100097,0.055924,0.055924,0.055924,0.055924,0.055924,0.055924,0.055924,0.055924,0.055924,0.055924
0.075098,0.055924,0.055924,0.055924,0.055924,0.055924,0.055924,0.055924,0.055924,0.055924,0.055924
0.050099,0.055924,0.055924,0.055924,0.055924,0.055924,0.055924,0.055924,0.055924,0.055924,0.055924
0.025100,0.055924,0.055924,0.055924,0.055924,0.055924,0.055924,0.055924,0.055924,0.055924,0.055924
0.000101,0.055924,0.055924,0.055924,0.055924,0.055924,0.055924,0.055924,0.055924,0.055924,0.055924
