2.500000      -0.017095
2.499167      -0.007566
2.498334      -0.021704
2.497501      0.003885
2.496668      -0.027499
2.495835      0.144601
2.495002      0.006853
2.494169      0.010391
2.493336      -0.096204
2.492503      -0.054044
2.491670      -0.016109
2.490837      -0.151395
2.490004      -0.019715
2.489171      -0.064467
2.488338      -0.008359
2.487504      -0.115649
2.486671      0.080799
2.485838      -0.026808
2.485005      -0.105149
2.484172      0.089023
2.483339      0.013444
2.482506      0.057535
2.481673      0.050544
2.480840      0.051759
2.480007      0.098099
2.479174      0.084951
2.478341      -0.078500
2.477508      -0.019953
2.476675      0.102161
2.475842      0.023147
2.475009      -0.022788
2.474176      0.028748
2.473343      -0.019525
2.472510      -0.008375
2.471677      -0.039368
2.470844      -0.012607
2.470011      -0.012625
2.469178      -0.018556
2.468345      -0.088661
2.467512      0.055300
2.466679      0.112979
2.465846      -0.007459
2.465013      -0.059905
2.464180      0.022718
2.463346      -0.021324
2.462513      0.096144
2.461680      0.022086
2.460847      0.095184
2.460014      0.081271
2.459181      -0.060690
2.458348      -0.129295
2.457515      -0.007540
2.456682      0.027611
2.455849      -0.144740
2.455016      -0.177832
2.454183      -0.104517
2.453350      0.025715
2.452517      0.049740
2.451684      0.015223
2.450851      -0.094338
2.450018      0.046198
2.449185      0.027744
2.448352      -0.167684
2.447519      -0.081800
2.446686      -0.017990
2.445853      -0.070055
2.445020      -0.124429
2.444187      -0.022401
2.443354      0.059584
2.442521      0.121252
2.441688      0.008411
2.440855      -0.040760
2.440022      0.037586
2.439188      0.073571
2.438355      -0.018938
2.437522      0.028754
2.436689      -0.011436
2.435856      0.083627
2.435023      -0.086172
2.434190      0.136531
2.433357      -0.014320
2.432524      -0.140667
2.431691      -0.203795
2.430858      -0.000596
2.430025      -0.033128
2.429192      -0.079805
2.428359      -0.079526
2.427526      -0.033235
2.426693      -0.078351
2.425860      -0.043071
2.425027      -0.026164
2.424194      -0.114355
2.423361      0.060663
2.422528      -0.113867
2.421695      -0.081583
2.420862      -0.084750
2.420029      -0.058394
2.419196      0.115455
2.418363      0.052911
2.417530      -0.106858
2.416697      -0.006585
2.415864      0.050209
2.415030      -0.050993
2.414197      -0.028145
2.413364      -0.014401
2.412531      -0.130112
2.411698      -0.098460
2.410865      -0.012788
2.410032      0.039376
2.409199      0.037588
2.408366      -0.137617
2.407533      0.020738
2.406700      -0.057635
2.405867      0.101370
2.405034      -0.005009
2.404201      0.089040
2.403368      -0.078420
2.402535      -0.048852
2.401702      0.033605
2.400869      0.005598
2.400036      -0.156755
2.399203      0.056647
2.398370      0.043181
2.397537      -0.014676
2.396704      0.114303
2.395871      0.190262
2.395038      0.210328
2.394205      0.052655
2.393372      -0.026080
2.392539      -0.142621
2.391706      0.065811
2.390872      -0.095905
2.390039      0.029379
2.389206      0.004351
2.388373      -0.001176
2.387540      -0.030184
2.386707      -0.240780
2.385874      -0.119665
2.385041      0.002735
2.384208      -0.220135
2.383375      -0.111474
2.382542      0.064109
2.381709      0.169274
2.380876      -0.097101
2.380043      -0.006691
2.379210      0.005946
2.378377      0.000985
2.377544      0.052154
2.376711      -0.007920
2.375878      0.077956
2.375045      -0.046640
2.374212      -0.070646
2.373379      0.029846
2.372546      -0.008379
2.371713      -0.034892
2.370880      -0.047376
2.370047      -0.008564
2.369214      -0.103005
2.368381      0.094856
2.367548      0.050156
2.366714      -0.146551
2.365881      -0.018764
2.365048      0.035861
2.364215      -0.037861
2.363382      0.076331
2.362549      0.019811
2.361716      0.056354
2.360883      -0.086300
2.360050      -0.043063
2.359217      0.077091
2.358384      0.034721
2.357551      0.000009
2.356718      -0.062829
2.355885      -0.036994
2.355052      0.018501
2.354219      -0.121724
2.353386      -0.108380
2.352553      -0.111151
2.351720      -0.018085
2.350887      0.027015
2.350054      -0.165935
2.349221      0.168015
2.348388      0.042742
2.347555      -0.087237
2.346722      -0.139660
2.345889      -0.119305
2.345056      -0.020883
2.344223      -0.072822
2.343390      0.150642
2.342556      0.084958
2.341723      -0.072197
2.340890      -0.014105
2.340057      0.036215
2.339224      -0.104041
2.338391      0.031081
2.337558      0.070304
2.336725      -0.089279
2.335892      -0.030801
2.335059      -0.093154
2.334226      -0.165902
2.333393      -0.099696
2.332560      0.025516
2.331727      -0.043093
2.330894      0.092834
2.330061      -0.032739
2.329228      -0.160884
2.328395      -0.067361
2.327562      0.148811
2.326729      -0.077806
2.325896      -0.224270
2.325063      0.022287
2.324230      0.068620
2.323397      0.039501
2.322564      0.134693
2.321731      -0.166232
2.320898      -0.113586
2.320065      0.051366
2.319232      -0.076082
2.318398      0.030904
2.317565      -0.063745
2.316732      0.016077
2.315899      -0.139836
2.315066      0.101469
2.314233      0.026939
2.313400      0.027481
2.312567      0.014014
2.311734      -0.124635
2.310901      -0.014638
2.310068      0.098801
2.309235      0.105203
2.308402      -0.141155
2.307569      -0.022925
2.306736      0.001563
2.305903      -0.081693
2.305070      0.029801
2.304237      -0.047034
2.303404      0.029727
2.302571      0.023025
2.301738      -0.070515
2.300905      -0.125677
2.300072      0.061884
2.299239      0.014689
2.298406      0.078272
2.297573      -0.080662
2.296740      -0.049782
2.295907      -0.070245
2.295074      0.006619
2.294240      0.190041
2.293407      0.139470
2.292574      0.158755
2.291741      0.081859
2.290908      0.133615
2.290075      0.038939
2.289242      -0.018838
2.288409      -0.074685
2.287576      0.086380
2.286743      -0.091570
2.285910      -0.027169
2.285077      0.082979
2.284244      0.137821
2.283411      -0.126223
2.282578      0.182038
2.281745      -0.180044
2.280912      -0.092003
2.280079      -0.184097
2.279246      -0.085010
2.278413      -0.058065
2.277580      0.077743
2.276747      -0.035092
2.275914      -0.142990
2.275081      -0.000129
2.274248      -0.064099
2.273415      -0.158476
2.272582      -0.025709
2.271749      0.059300
2.270916      -0.062958
2.270082      -0.032014
2.269249      0.024125
2.268416      0.022675
2.267583      -0.081092
2.266750      -0.040633
2.265917      -0.051270
2.265084      -0.032871
2.264251      0.151245
2.263418      -0.116205
2.262585      -0.212664
2.261752      0.006114
2.260919      -0.011207
2.260086      -0.035635
2.259253      -0.059650
2.258420      -0.034162
2.257587      -0.050960
2.256754      -0.167615
2.255921      0.164444
2.255088      -0.094521
2.254255      -0.051505
2.253422      -0.229489
2.252589      0.025216
2.251756      -0.046905
2.250923      0.121476
2.250090      0.002301
2.249257      -0.358861
2.248424      0.048756
2.247591      0.026135
2.246758      -0.131025
2.245924      -0.031850
2.245091      0.172619
2.244258      0.055151
2.243425      0.112510
2.242592      -0.155914
2.241759      0.011118
2.240926      -0.136134
2.240093      0.035347
2.239260      -0.195680
2.238427      -0.010806
2.237594      0.024416
2.236761      -0.026570
2.235928      -0.305362
2.235095      -0.205115
2.234262      0.138685
2.233429      -0.130979
2.232596      -0.032249
2.231763      0.021036
2.230930      0.028910
2.230097      0.047326
2.229264      -0.225555
2.228431      0.127687
2.227598      0.139426
2.226765      -0.031094
2.225932      0.108570
2.225099      -0.210918
2.224266      -0.131563
2.223433      0.059820
2.222600      0.120433
2.221766      0.167323
2.220933      -0.016203
2.220100      -0.014433
2.219267      -0.006665
2.218434      0.101732
2.217601      0.094110
2.216768      0.116340
2.215935      0.027489
2.215102      0.041699
2.214269      0.081073
2.213436      -0.000142
2.212603      0.170744
2.211770      0.154091
2.210937      0.031002
2.210104      0.104704
2.209271      -0.009394
2.208438      0.129283
2.207605      -0.086263
2.206772      0.013594
2.205939      0.279739
2.205106      -0.145360
2.204273      -0.008593
2.203440      0.009378
2.202607      -0.154895
2.201774      0.118983
2.200941      -0.014078
2.200108      0.026980
2.199275      0.045310
2.198442      0.117113
2.197608      -0.172614
2.196775      0.250046
2.195942      0.114058
2.195109      0.017265
2.194276      -0.099100
2.193443      -0.028332
2.192610      -0.180386
2.191777      -0.097424
2.190944      0.374496
2.190111      -0.009290
2.189278      -0.253379
2.188445      -0.113257
2.187612      0.054253
2.186779      0.019470
2.185946      0.011598
2.185113      0.143025
2.184280      -0.088380
2.183447      0.231714
2.182614      0.047211
2.181781      -0.026933
2.180948      -0.068770
2.180115      -0.207754
2.179282      -0.053451
2.178449      -0.041500
2.177616      -0.366826
2.176783      -0.163961
2.175950      -0.193003
2.175117      0.150703
2.174284      0.082510
2.173450      0.106230
2.172617      -0.223287
2.171784      -0.039207
2.170951      -0.047655
2.170118      -0.240845
2.169285      -0.036718
2.168452      -0.115978
2.167619      -0.096190
2.166786      -0.064176
2.165953      0.072989
2.165120      -0.082365
2.164287      0.276273
2.163454      -0.031090
2.162621      -0.162589
2.161788      0.009924
2.160955      -0.087536
2.160122      0.054119
2.159289      0.013593
2.158456      -0.061289
2.157623      -0.181539
2.156790      0.054334
2.155957      0.085731
2.155124      -0.120568
2.154291      -0.043394
2.153458      -0.089399
2.152625      -0.238189
2.151792      0.158827
2.150959      -0.292749
2.150126      0.115295
2.149292      0.044337
2.148459      -0.206978
2.147626      -0.059754
2.146793      0.132684
2.145960      0.131323
2.145127      0.130753
2.144294      0.214534
2.143461      -0.052365
2.142628      0.063996
2.141795      -0.058509
2.140962      0.110887
2.140129      0.426344
2.139296      -0.190660
2.138463      0.074759
2.137630      -0.033731
2.136797      -0.009343
2.135964      -0.035910
2.135131      -0.021082
2.134298      0.212265
2.133465      -0.229650
2.132632      0.075167
2.131799      0.020284
2.130966      0.066751
2.130133      -0.226779
2.129300      -0.005199
2.128467      -0.140335
2.127634      0.046136
2.126801      -0.179449
2.125968      0.082007
2.125134      0.128020
2.124301      0.251278
2.123468      -0.114207
2.122635      -0.108911
2.121802      0.009061
2.120969      0.066195
2.120136      0.167857
2.119303      0.320150
2.118470      0.066605
2.117637      0.077170
2.116804      -0.154270
2.115971      -0.329260
2.115138      -0.094398
2.114305      -0.134059
2.113472      0.100396
2.112639      0.058989
2.111806      -0.059079
2.110973      0.129270
2.110140      0.000173
2.109307      -0.007935
2.108474      0.014643
2.107641      0.124055
2.106808      -0.237163
2.105975      0.086112
2.105142      0.196730
2.104309      0.031205
2.103476      0.158568
2.102643      0.128805
2.101810      0.045203
2.100976      -0.000845
2.100143      0.413893
2.099310      0.151506
2.098477      -0.013769
2.097644      -0.019783
2.096811      0.077592
2.095978      0.276282
2.095145      0.245176
2.094312      -0.038159
2.093479      0.130030
2.092646      -0.189250
2.091813      -0.075325
2.090980      0.038233
2.090147      0.209085
2.089314      0.084315
2.088481      -0.152008
2.087648      0.112259
2.086815      -0.176938
2.085982      0.296064
2.085149      0.196994
2.084316      -0.042425
2.083483      0.002283
2.082650      0.190913
2.081817      0.268209
2.080984      0.080671
2.080151      0.020440
2.079318      0.011340
2.078485      -0.176895
2.077652      -0.134331
2.076818      -0.045425
2.075985      0.078281
2.075152      0.059824
2.074319      -0.166936
2.073486      0.086823
2.072653      0.072656
2.071820      0.018152
2.070987      0.037165
2.070154      0.051693
2.069321      0.186542
2.068488      -0.087915
2.067655      0.001606
2.066822      0.109474
2.065989      0.008968
2.065156      0.052875
2.064323      -0.133230
2.063490      0.054681
2.062657      0.070686
2.061824      0.033057
2.060991      0.160818
2.060158      -0.243310
2.059325      -0.246257
2.058492      -0.199997
2.057659      -0.018483
2.056826      -0.010101
2.055993      -0.032629
2.055160      -0.178587
2.054327      -0.424640
2.053493      0.339512
2.052660      0.176887
2.051827      -0.150395
2.050994      0.400866
2.050161      -0.418685
2.049328      -0.155959
2.048495      0.036985
2.047662      -0.489022
2.046829      -0.128163
2.045996      -0.190005
2.045163      0.089725
2.044330      -0.199819
2.043497      0.226736
2.042664      -0.184192
2.041831      0.114947
2.040998      0.153869
2.040165      -0.123904
2.039332      -0.072678
2.038499      -0.145550
2.037666      0.279613
2.036833      0.156672
2.036000      -0.207007
2.035167      0.115030
2.034334      -0.016760
2.033501      -0.220097
2.032668      0.024819
2.031835      0.349749
2.031002      0.074390
2.030169      -0.032234
2.029335      -0.115429
2.028502      -0.238526
2.027669      -0.040926
2.026836      -0.066892
2.026003      -0.180912
2.025170      0.322533
2.024337      -0.231510
2.023504      -0.005650
2.022671      0.119950
2.021838      -0.107703
2.021005      0.218759
2.020172      -0.117496
2.019339      -0.022938
2.018506      -0.084326
2.017673      0.128257
2.016840      -0.232794
2.016007      0.049233
2.015174      -0.035528
2.014341      -0.000149
2.013508      -0.091273
2.012675      0.209160
2.011842      -0.144351
2.011009      0.041349
2.010176      -0.155981
2.009343      -0.143570
2.008510      0.329767
2.007677      -0.057305
2.006844      0.192085
2.006011      -0.150377
2.005177      0.013298
2.004344      -0.128497
2.003511      -0.191673
2.002678      -0.063400
2.001845      0.175698
2.001012      -0.041077
2.000179      0.290670
1.999346      -0.188128
1.998513      -0.056082
1.997680      -0.141428
1.996847      0.012355
1.996014      0.295927
1.995181      0.019320
1.994348      0.143267
1.993515      -0.235911
1.992682      0.164926
1.991849      -0.100245
1.991016      -0.136244
1.990183      -0.018194
1.989350      -0.129879
1.988517      -0.038301
1.987684      -0.044854
1.986851      -0.064961
1.986018      -0.165990
1.985185      0.083122
1.984352      -0.194802
1.983519      -0.022020
1.982686      -0.087793
1.981853      0.015782
1.981019      -0.024480
1.980186      0.050260
1.979353      -0.267608
1.978520      -0.226942
1.977687      -0.096776
1.976854      0.092557
1.976021      0.100121
1.975188      -0.278095
1.974355      -0.470175
1.973522      0.232975
1.972689      -0.255565
1.971856      -0.147058
1.971023      -0.029765
1.970190      0.244440
1.969357      0.047247
1.968524      -0.167602
1.967691      -0.066359
1.966858      0.175211
1.966025      -0.149000
1.965192      0.215555
1.964359      0.061500
1.963526      0.090150
1.962693      0.195421
1.961860      -0.164761
1.961027      -0.205706
1.960194      0.337584
1.959361      0.293730
1.958528      -0.037270
1.957695      -0.056392
1.956861      0.159885
1.956028      0.198262
1.955195      -0.098160
1.954362      0.151892
1.953529      -0.359040
1.952696      -0.000011
1.951863      0.186485
1.951030      -0.078539
1.950197      -0.672865
1.949364      0.255205
1.948531      0.253115
1.947698      -0.050228
1.946865      0.068411
1.946032      -0.026377
1.945199      -0.175999
1.944366      0.098380
1.943533      0.154647
1.942700      0.193237
1.941867      -0.208685
1.941034      -0.218637
1.940201      -0.137696
1.939368      -0.297809
1.938535      0.044032
1.937702      0.262461
1.936869      -0.020139
1.936036      -0.080695
1.935203      0.002290
1.934370      0.183307
1.933537      0.161705
1.932703      0.107092
1.931870      0.078710
1.931037      0.031259
1.930204      0.065636
1.929371      -0.100507
1.928538      -0.265862
1.927705      0.243750
1.926872      0.248800
1.926039      0.131783
1.925206      0.219172
1.924373      -0.215570
1.923540      0.052407
1.922707      -0.556557
1.921874      0.188756
1.921041      0.118359
1.920208      0.119120
1.919375      -0.304565
1.918542      -0.233361
1.917709      -0.038596
1.916876      0.257965
1.916043      -0.218805
1.915210      0.121192
1.914377      -0.281965
1.913544      0.316105
1.912711      0.269385
1.911878      -0.083160
1.911045      0.147337
1.910212      -0.079715
1.909379      0.541424
1.908545      -0.310269
1.907712      -0.013535
1.906879      0.003239
1.906046      0.040606
1.905213      -0.181981
1.904380      0.031261
1.903547      0.007205
1.902714      0.179703
1.901881      0.081445
1.901048      0.227822
1.900215      0.047708
1.899382      -0.467357
1.898549      0.366037
1.897716      -0.168700
1.896883      -0.003354
1.896050      0.585604
1.895217      0.299612
1.894384      -0.138840
1.893551      -0.154600
1.892718      0.028672
1.891885      -0.492738
1.891052      0.138527
1.890219      -0.161622
1.889386      -0.211825
1.888553      0.033621
1.887720      0.336796
1.886887      -0.204021
1.886054      -0.054961
1.885221      -0.044868
1.884387      -0.248867
1.883554      0.311320
1.882721      0.420655
1.881888      0.268378
1.881055      -0.158525
1.880222      -0.062140
1.879389      0.264760
1.878556      -0.079730
1.877723      0.426353
1.876890      -0.038170
1.876057      -0.012823
1.875224      0.182737
1.874391      -0.418960
1.873558      -0.402709
1.872725      0.184014
1.871892      -0.351438
1.871059      0.260459
1.870226      0.163071
1.869393      0.454221
1.868560      0.037399
1.867727      0.249429
1.866894      -0.043566
1.866061      0.286065
1.865228      0.185059
1.864395      -0.439674
1.863562      0.172082
1.862729      0.209118
1.861896      0.289373
1.861063      -0.288145
1.860229      -0.395754
1.859396      -0.176041
1.858563      0.338325
1.857730      -0.090130
1.856897      -0.375477
1.856064      0.293783
1.855231      -0.150583
1.854398      0.330945
1.853565      -0.533933
1.852732      0.028782
1.851899      0.252464
1.851066      -0.359786
1.850233      0.208652
1.849400      -0.391845
1.848567      -0.153786
1.847734      -0.259134
1.846901      0.001906
1.846068      0.363024
1.845235      0.259501
1.844402      0.020484
1.843569      -0.040101
1.842736      -0.192621
1.841903      0.359165
1.841070      -0.366505
1.840237      0.532748
1.839404      0.039177
1.838571      0.008802
1.837738      0.380395
1.836905      -0.609999
1.836071      -0.206174
1.835238      -0.259138
1.834405      -0.069140
1.833572      0.011596
1.832739      0.100386
1.831906      0.369722
1.831073      -0.247425
1.830240      0.374955
1.829407      -0.401617
1.828574      -0.535897
1.827741      0.048448
1.826908      -0.006212
1.826075      -0.388420
1.825242      0.261100
1.824409      0.242220
1.823576      0.346568
1.822743      -0.415170
1.821910      -0.088259
1.821077      -0.450289
1.820244      -0.298373
1.819411      0.108107
1.818578      -0.185440
1.817745      0.526871
1.816912      -0.127994
1.816079      0.203720
1.815246      0.035763
1.814413      -0.279550
1.813580      -0.383275
1.812747      -0.271268
1.811913      -0.110362
1.811080      0.332120
1.810247      -0.447640
1.809414      0.218001
1.808581      -0.188451
1.807748      -0.162602
1.806915      0.345407
1.806082      0.064928
1.805249      0.171298
1.804416      0.235216
1.803583      0.422499
1.802750      0.003822
1.801917      0.678222
1.801084      -0.531012
1.800251      -0.091853
1.799418      0.598042
1.798585      0.081005
1.797752      0.184314
1.796919      -0.140356
1.796086      0.068259
1.795253      0.362597
1.794420      -0.155350
1.793587      -0.230628
1.792754      0.847321
1.791921      -0.026895
1.791088      0.024261
1.790255      0.450286
1.789422      0.800600
1.788589      -0.264293
1.787755      -0.033907
1.786922      -0.719115
1.786089      -0.565940
1.785256      0.330325
1.784423      0.343555
1.783590      0.328072
1.782757      -0.107907
1.781924      -0.121547
1.781091      -0.683303
1.780258      0.300365
1.779425      0.297392
1.778592      0.078785
1.777759      -0.227145
1.776926      -0.210345
1.776093      -0.558285
1.775260      0.195360
1.774427      0.581314
1.773594      -0.599561
1.772761      -0.321830
1.771928      -0.599277
1.771095      -0.033110
1.770262      0.301330
1.769429      0.091383
1.768596      0.840875
1.767763      0.016090
1.766930      -0.257147
1.766097      0.432638
1.765264      -0.318165
1.764431      0.204104
1.763597      -0.036676
1.762764      -0.226731
1.761931      -0.505201
1.761098      -0.549729
1.760265      0.374206
1.759432      0.184735
1.758599      0.064339
1.757766      -0.081436
1.756933      -0.407120
1.756100      -0.048567
1.755267      -0.161845
1.754434      0.003925
1.753601      -0.700679
1.752768      0.357109
1.751935      0.220478
1.751102      0.709728
1.750269      -0.027194
1.749436      -0.227461
1.748603      0.159433
1.747770      0.349850
1.746937      0.204004
1.746104      -0.312026
1.745271      0.171283
1.744438      -0.324480
1.743605      0.264437
1.742772      -0.284239
1.741939      -0.649909
1.741106      -0.437063
1.740273      0.070557
1.739439      0.336965
1.738606      0.007250
1.737773      0.140233
1.736940      -0.373708
1.736107      0.070635
1.735274      0.022070
1.734441      0.155192
1.733608      -0.051134
1.732775      -0.167011
1.731942      0.389860
1.731109      0.445372
1.730276      -0.585795
1.729443      -0.527758
1.728610      0.156402
1.727777      -0.390824
1.726944      0.714046
1.726111      0.328402
1.725278      0.099440
1.724445      0.552073
1.723612      0.038183
1.722779      0.318775
1.721946      -0.385325
1.721113      0.589056
1.720280      -0.779014
1.719447      -0.191292
1.718614      -0.318935
1.717781      0.535128
1.716948      0.151740
1.716115      -0.579742
1.715281      0.135780
1.714448      0.046057
1.713615      0.347055
1.712782      0.981957
1.711949      0.387773
1.711116      0.497647
1.710283      -0.810475
1.709450      0.320967
1.708617      -0.927607
1.707784      0.116165
1.706951      -0.303930
1.706118      0.523573
1.705285      -1.018487
1.704452      -0.101855
1.703619      0.127180
1.702786      0.210620
1.701953      -0.525539
1.701120      0.533191
1.700287      -0.638255
1.699454      -1.016098
1.698621      -0.024168
1.697788      -0.914038
1.696955      0.881640
1.696122      0.737604
1.695289      -0.367736
1.694456      0.227352
1.693623      -0.516113
1.692790      0.123080
1.691957      0.719535
1.691123      0.088515
1.690290      -0.852255
1.689457      -0.481715
1.688624      -0.275714
1.687791      0.487056
1.686958      -0.523920
1.686125      0.148490
1.685292      0.979115
1.684459      -0.180450
1.683626      0.409797
1.682793      0.399287
1.681960      -0.760403
1.681127      0.335052
1.680294      -0.444490
1.679461      -0.026487
1.678628      -0.181798
1.677795      0.030730
1.676962      0.022458
1.676129      -0.384928
1.675296      1.025568
1.674463      1.018538
1.673630      0.900948
1.672797      0.969492
1.671964      0.937860
1.671131      -0.322648
1.670298      0.282788
1.669465      -0.186615
1.668632      0.146005
1.667799      0.043008
1.666965      -0.419915
1.666132      -0.148435
1.665299      0.642597
1.664466      0.146889
1.663633      0.871344
1.662800      -0.563327
1.661967      -0.118483
1.661134      1.022292
1.660301      -0.000521
1.659468      -0.411116
1.658635      -0.675965
1.657802      0.564727
1.656969      -0.836785
1.656136      0.132015
1.655303      -0.425563
1.654470      -0.492870
1.653637      0.140365
1.652804      -0.232898
1.651971      -0.580033
1.651138      0.032460
1.650305      0.858590
1.649472      0.031275
1.648639      -0.973299
1.647806      0.218286
1.646973      0.109820
1.646140      1.011886
1.645307      0.221371
1.644474      -0.359057
1.643641      0.527575
1.642807      -0.238843
1.641974      -0.660665
1.641141      -0.460020
1.640308      -0.682610
1.639475      -0.248757
1.638642      -1.027400
1.637809      -0.731969
1.636976      0.581059
1.636143      0.241118
1.635310      0.931775
1.634477      0.214455
1.633644      0.651868
1.632811      -1.026450
1.631978      -0.735750
1.631145      0.795315
1.630312      0.709193
1.629479      0.669045
1.628646      0.028642
1.627813      0.433445
1.626980      -0.666905
1.626147      -0.565110
1.625314      0.230025
1.624481      0.905468
1.623648      0.823817
1.622815      0.671100
1.621982      0.495030
1.621149      -0.023552
1.620316      0.677410
1.619483      -0.503753
1.618649      -0.349745
1.617816      -0.040573
1.616983      -0.269343
1.616150      -0.710272
1.615317      0.241382
1.614484      0.241993
1.613651      -0.924263
1.612818      0.595638
1.611985      0.067067
1.611152      0.152720
1.610319      -0.536913
1.609486      -0.150837
1.608653      -0.133890
1.607820      -0.862053
1.606987      -0.088555
1.606154      0.750935
1.605321      -0.848560
1.604488      -0.135342
1.603655      -0.347438
1.602822      -1.027110
1.601989      -0.898082
1.601156      -0.626650
1.600323      -0.677005
1.599490      -1.026190
1.598657      -0.703700
1.597824      0.192315
1.596991      0.404252
1.596158      0.471740
1.595325      -0.016593
1.594491      0.861520
1.593658      0.800602
1.592825      -0.904617
1.591992      0.955903
1.591159      1.029741
1.590326      1.029865
1.589493      0.596934
1.588660      -0.909295
1.587827      0.481277
1.586994      -0.800098
1.586161      -0.236254
1.585328      -0.426998
1.584495      -0.834196
1.583662      0.137953
1.582829      -1.031171
1.581996      0.224964
1.581163      0.285115
1.580330      1.030337
1.579497      -0.316535
1.578664      -0.154182
1.577831      0.302572
1.576998      -0.887028
1.576165      -0.390020
1.575332      -0.429987
1.574499      -0.062096
1.573666      -0.204704
1.572833      -0.988347
1.572000      0.949867
1.571167      -0.060222
1.570333      -1.031402
1.569500      -1.008263
1.568667      -0.787190
1.567834      -0.924425
1.567001      -0.795155
1.566168      -0.880610
1.565335      -1.033252
1.564502      -0.209675
1.563669      0.496193
1.562836      -0.716287
1.562003      1.029970
1.561170      0.690125
1.560337      -0.057365
1.559504      -0.104878
1.558671      -0.822868
1.557838      -0.546655
1.557005      -0.217950
1.556172      -0.811448
1.555339      0.923960
1.554506      1.033645
1.553673      -0.305683
1.552840      0.101645
1.552007      -1.033057
1.551174      -1.034970
1.550341      -1.029022
1.549508      -0.857103
1.548675      -1.031505
1.547842      -0.655355
1.547009      0.012307
1.546175      1.034722
1.545342      0.174617
1.544509      0.180920
1.543676      -0.205165
1.542843      -0.762485
1.542010      -1.034655
1.541177      -1.034045
1.540344      0.045820
1.539511      0.352041
1.538678      -1.033496
1.537845      0.764978
1.537012      -0.921880
1.536179      -1.032090
1.535346      -0.346410
1.534513      0.087343
1.533680      0.081810
1.532847      -1.034523
1.532014      -0.523382
1.531181      -0.457952
1.530348      -1.033145
1.529515      -1.032403
1.528682      0.100667
1.527849      1.034725
1.527016      1.033923
1.526183      1.033900
1.525350      1.034428
1.524517      1.035058
1.523684      -0.309938
1.522851      0.288942
1.522017      0.136680
1.521184      0.701040
1.520351      1.031647
1.519518      -0.494095
1.518685      -0.373814
1.517852      1.033499
1.517019      0.843858
1.516186      -1.032763
1.515353      -1.036862
1.514520      0.124443
1.513687      -0.867442
1.512854      -0.867163
1.512021      0.456198
1.511188      -0.032198
1.510355      -0.285628
1.509522      -1.035855
1.508689      -0.575988
1.507856      -0.642385
1.507023      0.237483
1.506190      1.034374
1.505357      1.034616
1.504524      1.034305
1.503691      1.033110
1.502858      1.033757
1.502025      0.547300
1.501192      0.058845
1.500359      -0.805597
1.499526      -0.100220
1.498693      1.035748
1.497859      0.081415
1.497026      -0.546332
1.496193      -1.034773
1.495360      -0.167107
1.494527      -0.217929
1.493694      -0.453514
1.492861      1.036392
1.492028      -0.428333
1.491195      -1.035372
1.490362      -1.035945
1.489529      -1.038420
1.488696      0.062018
1.487863      1.034935
1.487030      -0.686137
1.486197      0.906812
1.485364      0.858052
1.484531      -0.466588
1.483698      -0.372685
1.482865      -0.798535
1.482032      -1.035707
1.481199      -1.036164
1.480366      -1.036064
1.479533      -1.038043
1.478700      -0.596596
1.477867      1.035654
1.477034      0.614847
1.476201      1.035758
1.475368      1.036810
1.474535      1.037099
1.473701      1.036966
1.472868      1.037992
1.472035      1.036165
1.471202      1.037865
1.470369      1.037940
1.469536      1.037040
1.468703      1.038735
1.467870      1.035550
1.467037      -0.269075
1.466204      -0.152183
1.465371      0.821742
1.464538      1.036710
1.463705      0.087630
1.462872      -0.944013
1.462039      -1.039260
1.461206      -1.037880
1.460373      -1.039727
1.459540      -1.039705
1.458707      -1.037958
1.457874      -1.038772
1.457041      -0.267978
1.456208      1.037310
1.455375      -0.514695
1.454542      0.567350
1.453709      1.039720
1.452876      1.040367
1.452043      1.038340
1.451210      1.038425
1.450377      1.024105
1.449543      -1.037617
1.448710      -1.039480
1.447877      -1.040843
1.447044      -1.040153
1.446211      -1.040225
1.445378      0.655015
1.444545      0.531783
1.443712      0.152235
1.442879      1.039193
1.442046      1.038395
1.441213      0.488755
1.440380      1.037705
1.439547      1.037827
1.438714      1.040930
1.437881      1.037032
1.437048      1.038765
1.436215      1.039695
1.435382      1.039445
1.434549      1.037202
1.433716      1.040928
1.432883      -0.600682
1.432050      -0.343513
1.431217      -0.508590
1.430384      -1.037907
1.429551      0.720395
1.428718      1.039278
1.427885      1.039032
1.427052      1.038762
1.426219      -0.663427
1.425385      -0.834940
1.424552      1.038745
1.423719      1.040396
1.422886      1.041621
1.422053      1.039145
1.421220      1.040245
1.420387      -0.250429
1.419554      -0.872504
1.418721      0.788864
1.417888      -1.039971
1.417055      -0.530722
1.416222      1.040568
1.415389      1.039725
1.414556      1.039425
1.413723      1.040262
1.412890      1.040835
1.412057      1.040663
1.411224      1.037392
1.410391      1.040128
1.409558      1.041525
1.408725      -0.510710
1.407892      -1.039950
1.407059      0.761540
1.406226      1.038806
1.405393      1.041306
1.404560      1.040357
1.403727      -0.390842
1.402894      1.040612
1.402061      1.042605
1.401227      1.039820
1.400394      1.041115
1.399561      -1.039345
1.398728      -0.854625
1.397895      1.041580
1.397062      1.041008
1.396229      1.040740
1.395396      1.042215
1.394563      0.456435
1.393730      1.039595
1.392897      1.040578
1.392064      1.041210
1.391231      1.041860
1.390398      1.041110
1.389565      -0.285325
1.388732      0.838138
1.387899      1.041750
1.387066      1.040598
1.386233      0.412558
1.385400      -1.040220
1.384567      -1.041307
1.383734      -1.042100
1.382901      0.170280
1.382068      0.560335
1.381235      -1.041173
1.380402      -1.040427
1.379569      0.501010
1.378736      -0.289694
1.377903      -1.041619
1.377069      0.277113
1.376236      1.042065
1.375403      1.041360
1.374570      1.042397
1.373737      1.041655
1.372904      1.041205
1.372071      1.041610
1.371238      1.042100
1.370405      1.041577
1.369572      1.043005
1.368739      1.042210
1.367906      1.042296
1.367073      -0.527554
1.366240      -1.042902
1.365407      0.988590
1.364574      1.043400
1.363741      1.041520
1.362908      1.039343
1.362075      1.043568
1.361242      1.043272
1.360409      1.042295
1.359576      -0.155573
1.358743      -1.042068
1.357910      0.915332
1.357077      1.042580
1.356244      1.042890
1.355411      1.042413
1.354578      -0.412910
1.353745      -1.043415
1.352911      -1.041152
1.352078      -1.041815
1.351245      0.968442
1.350412      1.043395
1.349579      1.043602
1.348746      1.042922
1.347913      1.042922
1.347080      1.041830
1.346247      1.041888
1.345414      1.042693
1.344581      1.041005
1.343748      1.043458
1.342915      0.251585
1.342082      -1.042995
1.341249      -1.041538
1.340416      -1.043002
1.339583      -1.043797
1.338750      -1.042588
1.337917      -1.041867
1.337084      -1.042785
1.336251      -1.043012
1.335418      -1.043162
1.334585      -1.044773
1.333752      -1.043935
1.332919      -1.043923
1.332086      -0.988050
1.331253      1.044095
1.330420      1.043335
1.329587      1.043308
1.328753      1.043242
1.327920      1.044315
1.327087      1.043327
1.326254      1.042127
1.325421      1.043288
1.324588      1.042783
1.323755      1.043267
1.322922      1.044793
1.322089      1.044870
1.321256      1.044915
1.320423      1.042655
1.319590      1.043823
1.318757      1.043845
1.317924      1.044533
1.317091      1.045135
1.316258      1.043893
1.315425      1.043668
1.314592      1.044370
1.313759      1.044202
1.312926      1.044183
1.312093      1.043135
1.311260      1.044770
1.310427      1.044130
1.309594      1.044698
1.308761      1.043313
1.307928      1.044495
1.307095      1.044245
1.306262      1.044105
1.305429      -0.600665
1.304595      -1.043580
1.303762      -1.045305
1.302929      -1.043903
1.302096      -1.044445
1.301263      -1.045342
1.300430      -1.044723
1.299597      -1.044655
1.298764      -1.045202
1.297931      -1.042430
1.297098      -1.043182
1.296265      -1.044355
1.295432      -1.044508
1.294599      -1.043573
1.293766      -1.045948
1.292933      -1.045460
1.292100      -1.044865
1.291267      -1.044683
1.290434      -1.045015
1.289601      -1.045329
1.288768      -1.045404
1.287935      -1.044270
1.287102      -1.044227
1.286269      -1.044623
1.285436      -1.044575
1.284603      -1.043933
1.283770      -0.655200
1.282937      1.044253
1.282104      1.045329
1.281271      1.044761
1.280437      1.045097
1.279604      1.045350
1.278771      1.044415
1.277938      -0.716192
1.277105      -1.045165
1.276272      -1.044052
1.275439      -1.044467
1.274606      -1.044467
1.273773      -1.045282
1.272940      -1.044556
1.272107      -1.044239
1.271274      -1.044937
1.270441      -1.045537
1.269608      -1.046275
1.268775      -1.045430
1.267942      -1.045790
1.267109      -1.045863
1.266276      -1.045595
1.265443      -1.044942
1.264610      -1.045977
1.263777      -1.045510
1.262944      -1.045280
1.262111      -1.046558
1.261278      -1.045560
1.260445      -1.045660
1.259612      -1.046227
1.258779      -1.045853
1.257946      -1.045595
1.257113      -1.045768
1.256279      -1.045382
1.255446      -1.046852
1.254613      -1.045195
1.253780      -1.045570
1.252947      -0.137032
1.252114      1.045552
1.251281      1.043990
1.250448      1.046115
1.249615      1.046273
1.248782      1.045977
1.247949      1.045802
1.247116      1.045545
1.246283      1.046695
1.245450      1.045025
1.244617      1.045250
1.243784      1.046195
1.242951      1.046662
1.242118      1.046250
1.241285      1.045115
1.240452      1.046570
1.239619      1.046042
1.238786      1.046145
1.237953      1.045919
1.237120      1.046134
1.236287      1.045928
1.235454      1.045720
1.234621      1.046747
1.233788      1.046743
1.232955      1.046520
1.232121      1.046575
1.231288      1.046237
1.230455      1.045940
1.229622      1.046086
1.228789      1.046067
1.227956      1.046554
1.227123      1.046000
1.226290      -0.692885
1.225457      -1.046638
1.224624      -1.046720
1.223791      -1.046412
1.222958      -1.046232
1.222125      -1.045835
1.221292      -1.046840
1.220459      -1.046273
1.219626      -1.046815
1.218793      -1.046657
1.217960      -1.046317
1.217127      -1.045938
1.216294      -1.046432
1.215461      -1.046988
1.214628      -1.046633
1.213795      -1.047060
1.212962      -1.046390
1.212129      -1.046780
1.211296      -1.046820
1.210463      -1.046618
1.209630      -1.047403
1.208797      -1.046965
1.207963      -1.046157
1.207130      -1.046587
1.206297      -1.046660
1.205464      -1.047022
1.204631      -1.046728
1.203798      -1.046250
1.202965      -1.045990
1.202132      -1.047240
1.201299      -1.046747
1.200466      -1.047695
1.199633      -1.046222
1.198800      -1.047523
1.197967      0.586722
1.197134      1.047853
1.196301      1.046630
1.195468      1.046747
1.194635      1.046790
1.193802      1.046952
1.192969      1.046322
1.192136      1.046920
1.191303      1.046485
1.190470      1.045853
1.189637      1.047115
1.188804      1.046940
1.187971      1.047340
1.187138      1.046922
1.186305      1.047450
1.185472      1.047603
1.184639      1.048113
1.183805      1.047127
1.182972      1.047495
1.182139      1.047318
1.181306      1.046625
1.180473      1.046942
1.179640      1.047053
1.178807      1.047760
1.177974      1.046782
1.177141      1.047593
1.176308      1.046965
1.175475      1.047428
1.174642      1.047457
1.173809      1.047250
1.172976      1.047395
1.172143      1.047110
1.171310      1.046957
1.170477      1.047115
1.169644      1.047220
1.168811      1.047843
1.167978      1.047480
1.167145      1.047297
1.166312      1.047960
1.165479      1.047145
1.164646      1.047503
1.163813      1.047722
1.162980      1.047440
1.162147      1.047505
1.161314      1.047722
1.160480      1.046855
1.159647      1.046908
1.158814      1.047032
1.157981      0.603060
1.157148      -1.047895
1.156315      -1.047788
1.155482      -1.047603
1.154649      -1.047853
1.153816      -1.047860
1.152983      -1.047428
1.152150      -1.048010
1.151317      -1.047695
1.150484      -1.048378
1.149651      -1.047307
1.148818      -1.047712
1.147985      -1.047760
1.147152      -1.047640
1.146319      -1.048000
1.145486      -1.048110
1.144653      -1.047673
1.143820      -1.047975
1.142987      -1.048125
1.142154      -1.048380
1.141321      -1.047490
1.140488      -1.048617
1.139655      -1.047820
1.138822      -1.047717
1.137989      -1.047452
1.137156      -1.047945
1.136322      -1.047495
1.135489      -1.048113
1.134656      -1.047955
1.133823      -1.047650
1.132990      -1.047972
1.132157      -1.047837
1.131324      -1.047362
1.130491      -1.047758
1.129658      -1.048310
1.128825      -1.048170
1.127992      -1.047715
1.127159      -1.048318
1.126326      -1.047788
1.125493      -1.048237
1.124660      -1.048565
1.123827      -1.048152
1.122994      -1.048370
1.122161      -1.048055
1.121328      -1.047875
1.120495      -1.048420
1.119662      -1.047555
1.118829      -1.048135
1.117996      -1.048420
1.117163      -1.048082
1.116330      -1.047945
1.115497      -1.047902
1.114664      -1.047552
1.113831      -1.048630
1.112998      -0.927370
1.112164      1.048440
1.111331      1.048020
1.110498      1.048545
1.109665      1.047800
1.108832      1.048692
1.107999      1.047620
1.107166      1.048143
1.106333      1.048730
1.105500      1.048200
1.104667      1.047812
1.103834      1.048097
1.103001      1.048313
1.102168      1.048502
1.101335      1.048445
1.100502      1.048255
1.099669      1.048065
1.098836      1.048070
1.098003      1.048378
1.097170      1.048483
1.096337      1.048568
1.095504      1.048600
1.094671      1.048648
1.093838      1.048592
1.093005      1.048293
1.092172      1.048308
1.091339      1.048417
1.090506      1.048520
1.089673      1.048565
1.088840      1.048565
1.088006      1.048495
1.087173      1.047873
1.086340      1.048522
1.085507      1.048185
1.084674      1.048705
1.083841      1.048697
1.083008      1.048733
1.082175      1.048592
1.081342      1.047880
1.080509      1.048643
1.079676      1.049113
1.078843      1.048785
1.078010      1.048887
1.077177      1.048665
1.076344      1.048640
1.075511      1.048270
1.074678      1.048578
1.073845      1.048850
1.073012      1.048998
1.072179      1.048255
1.071346      1.048820
1.070513      1.048175
1.069680      1.048530
1.068847      1.047938
1.068014      1.048612
1.067181      1.048677
1.066348      1.048792
1.065515      1.049145
1.064682      1.048835
1.063848      1.048450
1.063015      1.049030
1.062182      1.049005
1.061349      1.048942
1.060516      1.049030
1.059683      1.048908
1.058850      1.048486
1.058017      1.048489
1.057184      1.049113
1.056351      1.048855
1.055518      1.049047
1.054685      1.048650
1.053852      1.048408
1.053019      1.048530
1.052186      1.048675
1.051353      1.048950
1.050520      1.049113
1.049687      1.049295
1.048854      1.048915
1.048021      1.049037
1.047188      1.048995
1.046355      1.049010
1.045522      1.048660
1.044689      1.049037
1.043856      1.048660
1.043023      1.048930
1.042190      1.048830
1.041357      1.048638
1.040524      1.049095
1.039690      1.048880
1.038857      1.049045
1.038024      1.049335
1.037191      1.049205
1.036358      1.048838
1.035525      1.048887
1.034692      1.049057
1.033859      1.049402
1.033026      1.049088
1.032193      1.048758
1.031360      1.048782
1.030527      1.048825
1.029694      1.049142
1.028861      1.048980
1.028028      1.049093
1.027195      1.049377
1.026362      1.048670
1.025529      1.048993
1.024696      1.049222
1.023863      1.048728
1.023030      1.049407
1.022197      1.048990
1.021364      1.049348
1.020531      1.049195
1.019698      1.048945
1.018865      1.048938
1.018032      1.049425
1.017199      1.049322
1.016366      1.049338
1.015532      1.048903
1.014699      1.048983
1.013866      1.049385
1.013033      1.049327
1.012200      1.049312
1.011367      1.049183
1.010534      1.049062
1.009701      1.049013
1.008868      1.049132
1.008035      1.049190
1.007202      1.049435
1.006369      1.049135
1.005536      1.049070
1.004703      1.048867
1.003870      1.049220
1.003037      1.049145
1.002204      1.049030
1.001371      1.049278
1.000538      1.049265
0.999705      1.049232
0.998872      1.049657
0.998039      1.048962
0.997206      1.049355
0.996373      1.049415
0.995540      1.049453
0.994707      1.048913
0.993874      1.049330
0.993041      1.049392
0.992208      1.049062
0.991375      1.049047
0.990542      1.049085
0.989709      1.049417
0.988876      1.049317
0.988043      1.049330
0.987210      1.049280
0.986377      1.049340
0.985544      1.048887
0.984711      1.049458
0.983878      1.049273
0.983045      1.049358
0.982212      1.049480
0.981379      1.049152
0.980546      1.049467
0.979713      1.049390
0.978881      1.049467
0.978048      1.049322
0.977215      1.049335
0.976382      1.049582
0.975549      1.048872
0.974716      1.049575
0.973883      1.049477
0.973050      1.049332
0.972217      1.049433
0.971384      1.049443
0.970551      1.049377
0.969718      1.049545
0.968885      1.048862
0.968052      1.049343
0.967219      1.049430
0.966386      1.049275
0.965553      1.049297
0.964720      1.049443
0.963887      1.049505
0.963054      1.049538
0.962221      1.049307
0.961388      1.049288
0.960555      1.049420
0.959722      1.049600
0.958889      1.049582
0.958056      1.049582
0.957223      1.049202
0.956390      1.049387
0.955557      1.049455
0.954724      1.049710
0.953891      1.049497
0.953058      1.049435
0.952225      1.049467
0.951392      1.049523
0.950559      1.049305
0.949726      1.049657
0.948893      1.049728
0.948060      1.049453
0.947227      1.049465
0.946395      1.049570
0.945562      1.049775
0.944729      1.049577
0.943896      1.049042
0.943063      1.049492
0.942230      1.049560
0.941397      1.049587
0.940564      1.049688
0.939731      1.049155
0.938898      1.049495
0.938065      1.049523
0.937232      1.049397
0.936399      1.049507
0.935566      1.049633
0.934733      1.049345
0.933900      1.049465
0.933067      1.049390
0.932234      1.049585
0.931401      1.049732
0.930568      1.049618
0.929735      1.049670
0.928902      1.049830
0.928069      1.049513
0.927236      1.049502
0.926403      1.049515
0.925570      1.049842
0.924737      1.049433
0.923904      1.049852
0.923071      1.049338
0.922238      1.049645
0.921405      1.049720
0.920572      1.049723
0.919739      1.049752
0.918906      1.049598
0.918073      1.049605
0.917240      1.049460
0.916407      1.049645
0.915574      1.049572
0.914741      1.049817
0.913908      1.049580
0.913076      1.049800
0.912243      1.049647
0.911410      1.049580
0.910577      1.049667
0.909744      1.049705
0.908911      1.049492
0.908078      1.049680
0.907245      1.049718
0.906412      1.049665
0.905579      1.049745
0.904746      1.049690
0.903913      1.049620
0.903080      1.049090
0.902247      1.049783
0.901414      1.049665
0.900581      1.049893
0.899748      1.049715
0.898915      1.049808
0.898082      1.049793
0.897249      1.049368
0.896416      1.049718
0.895583      1.049762
0.894750      1.049550
0.893917      1.049745
0.893084      1.049798
0.892251      1.049618
0.891418      1.049820
0.890585      1.049675
0.889752      1.049605
0.888919      1.049900
0.888086      1.049448
0.887253      1.049765
0.886420      1.049745
0.885587      1.049827
0.884754      1.049610
0.883921      1.049750
0.883088      1.049842
0.882255      1.049647
0.881422      1.049682
0.880589      1.049878
0.879757      1.049860
0.878924      1.049910
0.878091      1.049778
0.877258      1.049788
0.876425      1.049895
0.875592      1.049675
0.874759      1.049793
0.873926      1.049790
0.873093      1.049735
0.872260      1.049805
0.871427      1.049793
0.870594      1.049713
0.869761      1.049788
0.868928      1.049750
0.868095      1.049685
0.867262      1.049662
0.866429      1.049507
0.865596      1.049845
0.864763      1.049907
0.863930      1.049693
0.863097      1.049865
0.862264      1.049873
0.861431      1.049652
0.860598      1.049837
0.859765      1.049837
0.858932      1.049868
0.858099      1.049720
0.857266      1.049837
0.856433      1.049688
0.855600      1.049708
0.854767      1.049835
0.853934      1.049820
0.853101      1.049788
0.852268      1.049920
0.851435      1.049813
0.850602      1.049980
0.849769      1.049755
0.848936      1.049870
0.848103      1.049820
0.847270      1.049827
0.846438      1.049720
0.845605      1.049775
0.844772      1.049805
0.843939      1.049922
0.843106      1.049803
0.842273      1.049803
0.841440      1.049708
0.840607      1.049893
0.839774      1.049968
0.838941      1.049907
0.838108      1.049840
0.837275      1.049912
0.836442      1.049922
0.835609      1.049875
0.834776      1.049910
0.833943      1.049945
0.833110      1.049885
0.832277      1.049837
0.831444      1.049820
0.830611      1.049925
0.829778      1.049965
0.828945      1.049842
0.828112      1.049822
0.827279      1.049852
0.826446      1.049713
0.825613      1.049973
0.824780      1.049715
0.823947      1.049988
0.823114      1.049798
0.822281      1.049900
0.821448      1.049940
0.820615      1.049890
0.819782      1.049672
0.818949      1.049985
0.818116      1.049940
0.817283      1.049873
0.816450      1.049805
0.815617      1.049885
0.814784      1.049903
0.813951      1.049815
0.813119      1.049915
0.812286      1.049905
0.811453      1.049840
0.810620      1.049903
0.809787      1.049963
0.808954      1.049922
0.808121      1.049917
0.807288      1.049815
0.806455      1.049885
0.805622      1.049817
0.804789      1.049813
0.803956      1.049888
0.803123      1.049885
0.802290      1.049855
0.801457      1.049885
0.800624      1.049920
0.799791      1.049930
0.798958      1.049915
0.798125      1.049880
0.797292      1.049790
0.796459      1.049903
0.795626      1.049942
0.794793      1.049968
0.793960      1.049978
0.793127      1.049817
0.792294      1.049835
0.791461      1.049945
0.790628      1.049868
0.789795      1.049935
0.788962      1.049958
0.788129      1.049852
0.787296      1.049965
0.786463      1.049997
0.785630      1.049905
0.784797      1.049953
0.783964      1.050000
0.783131      1.049785
0.782298      1.049963
0.781465      1.049815
0.780632      1.049820
0.779800      1.049960
0.778967      1.049822
0.778134      1.049953
0.777301      1.049953
0.776468      1.049978
0.775635      1.049997
0.774802      1.049995
0.773969      1.049895
0.773136      1.049940
0.772303      1.049960
0.771470      1.049978
0.770637      1.049885
0.769804      1.049978
0.768971      1.049912
0.768138      1.049990
0.767305      1.050000
0.766472      1.049960
0.765639      1.049945
0.764806      1.049920
0.763973      1.049975
0.763140      1.049860
0.762307      1.049798
0.761474      1.050000
0.760641      1.049988
0.759808      1.049837
0.758975      1.049983
0.758142      1.049970
0.757309      1.049830
0.756476      1.049968
0.755643      1.049975
0.754810      1.049875
0.753977      1.049955
0.753144      1.049988
0.752311      1.049898
0.751478      1.049988
0.750645      1.049945
0.749812      1.049963
0.748979      1.049922
0.748146      1.049950
0.747313      1.049903
0.746481      1.049992
0.745648      1.049950
0.744815      1.049958
0.743982      1.049905
0.743149      1.049985
0.742316      1.050000
0.741483      1.049983
0.740650      1.049905
0.739817      1.049930
0.738984      1.049983
0.738151      1.049937
0.737318      1.049895
0.736485      1.049850
0.735652      1.049973
0.734819      1.049997
0.733986      1.049983
0.733153      1.049875
0.732320      1.050000
0.731487      1.049973
0.730654      1.050000
0.729821      1.050000
0.728988      1.049937
0.728155      1.049970
0.727322      1.049997
0.726489      1.049997
0.725656      1.049903
0.724823      1.050000
0.723990      1.049985
0.723157      1.049968
0.722324      1.049955
0.721491      1.049927
0.720658      1.050000
0.719825      1.049983
0.718992      1.049963
0.718159      1.049965
0.717326      1.049995
0.716493      1.049855
0.715660      1.049997
0.714827      1.049803
0.713995      1.049970
0.713162      1.049968
0.712329      1.049955
0.711496      1.049980
0.710663      1.049997
0.709830      1.049968
0.708997      1.050000
0.708164      1.049995
0.707331      1.050000
0.706498      1.050000
0.705665      1.049983
0.704832      1.050000
0.703999      1.049997
0.703166      1.049973
0.702333      1.049903
0.701500      1.049885
0.700667      1.049963
0.699834      1.049997
0.699001      1.050000
0.698168      1.049975
0.697335      1.049978
0.696502      1.049992
0.695669      1.049922
0.694836      1.049992
0.694003      1.049907
0.693170      1.050000
0.692337      1.049992
0.691504      1.049945
0.690671      1.049997
0.689838      1.049995
0.689005      1.049955
0.688172      1.050000
0.687339      1.049950
0.686506      1.049978
0.685673      1.050000
0.684840      1.050000
0.684007      1.049983
0.683174      1.049995
0.682341      1.049997
0.681508      1.049990
0.680676      1.050000
0.679843      1.049985
0.679010      1.049970
0.678177      1.050000
0.677344      1.049997
0.676511      1.049963
0.675678      1.050000
0.674845      1.050000
0.674012      1.050000
0.673179      1.050000
0.672346      1.050000
0.671513      1.049997
0.670680      1.049985
0.669847      1.049985
0.669014      1.049985
0.668181      1.049968
0.667348      1.050000
0.666515      1.050000
0.665682      1.050000
0.664849      1.049988
0.664016      1.049958
0.663183      1.049970
0.662350      1.050000
0.661517      1.049978
0.660684      1.049995
0.659851      1.050000
0.659018      1.050000
0.658185      1.049997
0.657352      1.050000
0.656519      1.049975
0.655686      1.049988
0.654853      1.050000
0.654020      1.049988
0.653187      1.050000
0.652354      1.050000
0.651521      1.050000
0.650688      1.050000
0.649855      1.049992
0.649022      1.050000
0.648189      1.050000
0.647357      1.049970
0.646524      1.049990
0.645691      1.050000
0.644858      1.050000
0.644025      1.049970
0.643192      1.050000
0.642359      1.050000
0.641526      1.049997
0.640693      1.049997
0.639860      1.050000
0.639027      1.050000
0.638194      1.050000
0.637361      1.049990
0.636528      1.050000
0.635695      1.049997
0.634862      1.050000
0.634029      1.049953
0.633196      1.050000
0.632363      1.050000
0.631530      1.049958
0.630697      1.050000
0.629864      1.049945
0.629031      1.050000
0.628198      1.050000
0.627365      1.050000
0.626532      1.050000
0.625699      1.049973
0.624866      1.050000
0.624033      1.049997
0.623200      1.049997
0.622367      1.050000
0.621534      1.050000
0.620701      1.050000
0.619868      1.050000
0.619035      1.049960
0.618202      1.050000
0.617369      1.050000
0.616536      1.050000
0.615703      1.050000
0.614870      1.050000
0.614038      1.050000
0.613205      1.050000
0.612372      1.049975
0.611539      1.050000
0.610706      1.050000
0.609873      1.050000
0.609040      1.050000
0.608207      1.050000
0.607374      1.050000
0.606541      1.050000
0.605708      1.050000
0.604875      1.050000
0.604042      1.049915
0.603209      1.050000
0.602376      1.050000
0.601543      1.050000
0.600710      1.050000
0.599877      1.050000
0.599044      1.049997
0.598211      1.050000
0.597378      1.049973
0.596545      1.050000
0.595712      1.050000
0.594879      1.050000
0.594046      1.050000
0.593213      1.050000
0.592380      1.050000
0.591547      1.050000
0.590714      1.050000
0.589881      1.050000
0.589048      1.050000
0.588215      1.050000
0.587382      1.050000
0.586549      1.049973
0.585716      1.050000
0.584883      1.049973
0.584050      1.050000
0.583217      1.050000
0.582384      1.050000
0.581551      1.050000
0.580719      1.050000
0.579886      1.049978
0.579053      1.049973
0.578220      1.050000
0.577387      1.050000
0.576554      1.050000
0.575721      1.050000
0.574888      1.050000
0.574055      1.050000
0.573222      1.050000
0.572389      1.050000
0.571556      1.050000
0.570723      1.050000
0.569890      1.050000
0.569057      1.050000
0.568224      1.050000
0.567391      1.049975
0.566558      1.050000
0.565725      1.050000
0.564892      1.050000
0.564059      1.050000
0.563226      1.050000
0.562393      1.050000
0.561560      1.050000
0.560727      1.050000
0.559894      1.050000
0.559061      1.050000
0.558228      1.050000
0.557395      1.050000
0.556562      1.050000
0.555729      1.050000
0.554896      1.050000
0.554063      1.050000
0.553230      1.050000
0.552397      1.050000
0.551564      1.050000
0.550731      1.050000
0.549898      1.050000
0.549065      1.050000
0.548232      1.050000
0.547400      1.050000
0.546567      1.050000
0.545734      1.050000
0.544901      1.050000
0.544068      1.050000
0.543235      1.050000
0.542402      1.050000
0.541569      1.050000
0.540736      1.050000
0.539903      1.050000
0.539070      1.050000
0.538237      1.050000
0.537404      1.050000
0.536571      1.050000
0.535738      1.049997
0.534905      1.050000
0.534072      1.050000
0.533239      1.050000
0.532406      1.050000
0.531573      1.050000
0.530740      1.050000
0.529907      1.050000
0.529074      1.050000
0.528241      1.050000
0.527408      1.050000
0.526575      1.050000
0.525742      1.050000
0.524909      1.050000
0.524076      1.050000
0.523243      1.050000
0.522410      1.050000
0.521577      1.050000
0.520744      1.050000
0.519911      1.049970
0.519078      1.050000
0.518245      1.049990
0.517412      1.050000
0.516579      1.050000
0.515746      1.050000
0.514913      1.050000
0.514081      1.050000
0.513248      1.050000
0.512415      1.050000
0.511582      1.050000
0.510749      1.050000
0.509916      1.050000
0.509083      1.050000
0.508250      1.050000
0.507417      1.050000
0.506584      1.050000
0.505751      1.050000
0.504918      1.050000
0.504085      1.050000
0.503252      1.050000
0.502419      1.050000
0.501586      1.050000
0.500753      1.050000
0.499920      1.050000
0.499087      1.050000
0.498254      1.050000
0.497421      1.050000
0.496588      1.050000
0.495755      1.050000
0.494922      1.050000
0.494089      1.050000
0.493256      1.050000
0.492423      1.050000
0.491590      1.050000
0.490757      1.050000
0.489924      1.050000
0.489091      1.050000
0.488258      1.050000
0.487425      1.050000
0.486592      1.050000
0.485759      1.049968
0.484926      1.050000
0.484093      1.050000
0.483260      1.050000
0.482427      1.050000
0.481594      1.050000
0.480761      1.050000
0.479928      1.050000
0.479095      1.050000
0.478262      1.050000
0.477429      1.050000
0.476596      1.050000
0.475763      1.050000
0.474930      1.050000
0.474097      1.050000
0.473264      1.050000
0.472431      1.050000
0.471598      1.050000
0.470765      1.050000
0.469932      1.050000
0.469099      1.050000
0.468266      1.050000
0.467433      1.050000
0.466600      1.050000
0.465767      1.050000
0.464934      1.050000
0.464101      1.050000
0.463268      1.050000
0.462435      1.050000
0.461602      1.050000
0.460769      1.050000
0.459936      1.050000
0.459103      1.050000
0.458270      1.050000
0.457437      1.050000
0.456604      1.050000
0.455771      1.050000
0.454938      1.050000
0.454105      1.049997
0.453272      1.050000
0.452439      1.050000
0.451606      1.050000
0.450773      1.050000
0.449940      1.050000
0.449107      1.050000
0.448274      1.050000
0.447441      1.050000
0.446608      1.050000
0.445775      1.050000
0.444942      1.050000
0.444109      1.050000
0.443276      1.050000
0.442443      1.050000
0.441610      1.050000
0.440777      1.050000
0.439944      1.050000
0.439111      1.050000
0.438278      1.050000
0.437445      1.050000
0.436612      1.050000
0.435779      1.050000
0.434946      1.050000
0.434113      1.050000
0.433280      1.050000
0.432447      1.050000
0.431614      1.050000
0.430781      1.050000
0.429948      1.050000
0.429115      1.050000
0.428282      1.050000
0.427449      1.050000
0.426616      1.050000
0.425783      1.050000
0.424949      1.050000
0.424116      1.050000
0.423283      1.050000
0.422450      1.050000
0.421617      1.050000
0.420784      1.050000
0.419951      1.050000
0.419118      1.050000
0.418285      1.050000
0.417452      1.050000
0.416619      1.050000
0.415786      1.050000
0.414953      1.050000
0.414120      1.050000
0.413287      1.050000
0.412454      1.050000
0.411621      1.050000
0.410788      1.050000
0.409955      1.050000
0.409122      1.050000
0.408289      1.050000
0.407456      1.050000
0.406623      1.050000
0.405790      1.050000
0.404957      1.050000
0.404124      1.050000
0.403291      1.050000
0.402458      1.050000
0.401625      1.050000
0.400792      1.050000
0.399959      1.050000
0.399126      1.050000
0.398293      1.050000
0.397460      1.050000
0.396627      1.050000
0.395794      1.050000
0.394961      1.050000
0.394128      1.050000
0.393295      1.050000
0.392462      1.050000
0.391629      1.050000
0.390796      1.050000
0.389963      1.050000
0.389130      1.050000
0.388297      1.050000
0.387464      1.050000
0.386631      1.050000
0.385798      1.050000
0.384965      1.050000
0.384132      1.050000
0.383299      1.050000
0.382466      1.050000
0.381633      1.050000
0.380800      1.050000
0.379967      1.050000
0.379134      1.050000
0.378301      1.050000
0.377468      1.050000
0.376635      1.050000
0.375802      1.050000
0.374969      1.050000
0.374136      1.050000
0.373303      1.050000
0.372470      1.050000
0.371637      1.050000
0.370804      1.050000
0.369971      1.050000
0.369138      1.050000
0.368305      1.050000
0.367472      1.050000
0.366639      1.050000
0.365806      1.050000
0.364973      1.050000
0.364140      1.050000
0.363307      1.050000
0.362474      1.050000
0.361641      1.050000
0.360808      1.050000
0.359975      1.050000
0.359142      1.050000
0.358309      1.050000
0.357476      1.050000
0.356643      1.050000
0.355810      1.050000
0.354977      1.050000
0.354144      1.050000
0.353311      1.050000
0.352478      1.050000
0.351645      1.050000
0.350812      1.050000
0.349979      1.050000
0.349146      1.050000
0.348313      1.050000
0.347480      1.050000
0.346647      1.050000
0.345814      1.050000
0.344981      1.050000
0.344148      1.050000
0.343315      1.050000
0.342482      1.050000
0.341649      1.050000
0.340816      1.050000
0.339983      1.050000
0.339150      1.050000
0.338317      1.050000
0.337484      1.050000
0.336651      1.050000
0.335818      1.050000
0.334985      1.050000
0.334152      1.050000
0.333319      1.050000
0.332486      1.050000
0.331653      1.050000
0.330820      1.050000
0.329987      1.050000
0.329154      1.050000
0.328321      1.050000
0.327488      1.050000
0.326655      1.050000
0.325822      1.050000
0.324989      1.050000
0.324156      1.050000
0.323323      1.050000
0.322490      1.050000
0.321657      1.050000
0.320824      1.050000
0.319991      1.050000
0.319158      1.050000
0.318325      1.050000
0.317492      1.050000
0.316659      1.050000
0.315826      1.050000
0.314993      1.050000
0.314160      1.050000
0.313327      1.050000
0.312494      1.050000
0.311661      1.050000
0.310828      1.050000
0.309995      1.050000
0.309162      1.050000
0.308329      1.050000
0.307496      1.050000
0.306663      1.050000
0.305830      1.050000
0.304997      1.050000
0.304164      1.050000
0.303331      1.050000
0.302498      1.050000
0.301665      1.050000
0.300832      1.050000
0.299999      1.050000
0.299166      1.050000
0.298333      1.050000
0.297500      1.050000
0.296667      1.050000
0.295834      1.050000
0.295001      1.050000
0.294168      1.050000
0.293335      1.050000
0.292502      1.050000
0.291669      1.050000
0.290836      1.050000
0.290003      1.050000
0.289170      1.050000
0.288337      1.050000
0.287504      1.050000
0.286671      1.050000
0.285838      1.050000
0.285005      1.050000
0.284172      1.050000
0.283339      1.050000
0.282506      1.050000
0.281673      1.050000
0.280840      1.050000
0.280007      1.050000
0.279174      1.050000
0.278341      1.050000
0.277508      1.050000
0.276675      1.050000
0.275842      1.050000
0.275009      1.050000
0.274176      1.050000
0.273343      1.050000
0.272510      1.050000
0.271677      1.050000
0.270844      1.050000
0.270011      1.050000
0.269178      1.050000
0.268345      1.050000
0.267512      1.050000
0.266679      1.050000
0.265846      1.050000
0.265013      1.050000
0.264180      1.050000
0.263347      1.050000
0.262514      1.050000
0.261681      1.050000
0.260848      1.050000
0.260015      1.050000
0.259182      1.050000
0.258349      1.050000
0.257516      1.050000
0.256683      1.050000
0.255850      1.050000
0.255017      1.050000
0.254184      1.050000
0.253351      1.050000
0.252518      1.050000
0.251685      1.050000
0.250852      1.050000
0.250019      1.050000
0.249186      1.050000
0.248352      1.050000
0.247519      1.050000
0.246686      1.050000
0.245853      1.050000
0.245020      1.050000
0.244187      1.050000
0.243354      1.050000
0.242521      1.050000
0.241688      1.050000
0.240855      1.050000
0.240022      1.050000
0.239189      1.050000
0.238356      1.050000
0.237523      1.050000
0.236690      1.050000
0.235857      1.050000
0.235024      1.050000
0.234191      1.050000
0.233358      1.050000
0.232525      1.050000
0.231692      1.050000
0.230859      1.050000
0.230026      1.050000
0.229193      1.050000
0.228360      1.050000
0.227527      1.050000
0.226694      1.050000
0.225861      1.050000
0.225028      1.050000
0.224195      1.050000
0.223362      1.050000
0.222529      1.050000
0.221696      1.050000
0.220863      1.050000
0.220030      1.050000
0.219197      1.050000
0.218364      1.050000
0.217531      1.050000
0.216698      1.050000
0.215865      1.050000
0.215032      1.050000
0.214199      1.050000
0.213366      1.050000
0.212533      1.050000
0.211700      1.050000
0.210867      1.050000
0.210034      1.050000
0.209201      1.050000
0.208368      1.050000
0.207535      1.050000
0.206702      1.050000
0.205869      1.050000
0.205036      1.050000
0.204203      1.050000
0.203370      1.050000
0.202537      1.050000
0.201704      1.050000
0.200871      1.050000
0.200038      1.050000
0.199205      1.050000
0.198372      1.050000
0.197539      1.050000
0.196706      1.050000
0.195873      1.050000
0.195040      1.050000
0.194207      1.050000
0.193374      1.050000
0.192541      1.050000
0.191708      1.050000
0.190875      1.050000
0.190042      1.050000
0.189209      1.050000
0.188376      1.050000
0.187543      1.050000
0.186710      1.050000
0.185877      1.050000
0.185044      1.050000
0.184211      1.050000
0.183378      1.050000
0.182545      1.050000
0.181712      1.050000
0.180879      1.050000
0.180046      1.050000
0.179213      1.050000
0.178380      1.050000
0.177547      1.050000
0.176714      1.050000
0.175881      1.050000
0.175048      1.050000
0.174215      1.050000
0.173382      1.050000
0.172549      1.050000
0.171716      1.050000
0.170883      1.050000
0.170050      1.050000
0.169217      1.050000
0.168384      1.050000
0.167551      1.050000
0.166718      1.050000
0.165885      1.050000
0.165052      1.050000
0.164219      1.050000
0.163386      1.050000
0.162553      1.050000
0.161720      1.050000
0.160887      1.050000
0.160054      1.050000
0.159221      1.050000
0.158388      1.050000
0.157555      1.050000
0.156722      1.050000
0.155889      1.050000
0.155056      1.050000
0.154223      1.050000
0.153390      1.050000
0.152557      1.050000
0.151724      1.050000
0.150891      1.050000
0.150058      1.050000
0.149225      1.050000
0.148392      1.050000
0.147559      1.050000
0.146726      1.050000
0.145893      1.050000
0.145060      1.050000
0.144227      1.050000
0.143394      1.050000
0.142561      1.050000
0.141728      1.050000
0.140895      1.050000
0.140062      1.050000
0.139229      1.050000
0.138396      1.050000
0.137563      1.050000
0.136730      1.050000
0.135897      1.050000
0.135064      1.050000
0.134231      1.050000
0.133398      1.050000
0.132565      1.050000
0.131732      1.050000
0.130899      1.050000
0.130066      1.050000
0.129233      1.050000
0.128400      1.050000
0.127567      1.050000
0.126734      1.050000
0.125901      1.050000
0.125068      1.050000
0.124235      1.050000
0.123402      1.050000
0.122569      1.050000
0.121736      1.050000
0.120903      1.050000
0.120070      1.050000
0.119237      1.050000
0.118404      1.050000
0.117571      1.050000
0.116738      1.050000
0.115905      1.050000
0.115072      1.050000
0.114239      1.050000
0.113406      1.050000
0.112573      1.050000
0.111740      1.050000
0.110907      1.050000
0.110074      1.050000
0.109241      1.050000
0.108408      1.050000
0.107575      1.050000
0.106742      1.050000
0.105909      1.050000
0.105076      1.050000
0.104243      1.050000
0.103410      1.050000
0.102577      1.050000
0.101744      1.050000
0.100911      1.050000
0.100078      1.050000
0.099245      1.050000
0.098412      1.050000
0.097579      1.050000
0.096746      1.050000
0.095913      1.050000
0.095080      1.050000
0.094247      1.050000
0.093414      1.050000
0.092581      1.050000
0.091748      1.050000
0.090915      1.050000
0.090082      1.050000
0.089249      1.050000
0.088416      1.050000
0.087583      1.050000
0.086750      1.050000
0.085917      1.050000
0.085084      1.050000
0.084251      1.050000
0.083418      1.050000
0.082585      1.050000
0.081752      1.050000
0.080919      1.050000
0.080086      1.050000
0.079253      1.050000
0.078420      1.050000
0.077587      1.050000
0.076754      1.050000
0.075921      1.050000
0.075088      1.050000
0.074255      1.050000
0.073422      1.050000
0.072589      1.050000
0.071756      1.050000
0.070923      1.050000
0.070090      1.050000
0.069257      1.050000
0.068424      1.050000
0.067591      1.050000
0.066758      1.050000
0.065925      1.050000
0.065092      1.050000
0.064259      1.050000
0.063426      1.050000
0.062593      1.050000
0.061760      1.050000
0.060927      1.050000
0.060094      1.050000
0.059261      1.050000
0.058428      1.050000
0.057595      1.050000
0.056762      1.050000
0.055929      1.050000
0.055096      1.050000
0.054263      1.050000
0.053430      1.050000
0.052597      1.050000
0.051764      1.050000
0.050931      1.050000
0.050098      1.050000
0.049265      1.050000
0.048432      1.050000
0.047599      1.050000
0.046766      1.050000
0.045933      1.050000
0.045100      1.050000
0.044267      1.050000
0.043434      1.050000
0.042601      1.050000
0.041768      1.050000
0.040935      1.050000
0.040102      1.050000
0.039269      1.050000
0.038436      1.050000
0.037603      1.050000
0.036770      1.050000
0.035937      1.050000
0.035104      1.050000
0.034271      1.050000
0.033438      1.050000
0.032605      1.050000
0.031772      1.050000
0.030939      1.050000
0.030106      1.050000
0.029273      1.050000
0.028440      1.050000
0.027607      1.050000
0.026774      1.050000
0.025941      1.050000
0.025108      1.050000
0.024275      1.050000
0.023442      1.050000
0.022609      1.050000
0.021776      1.050000
0.020943      1.050000
0.020110      1.050000
0.019277      1.050000
0.018444      1.050000
0.017611      1.050000
0.016778      1.050000
0.015945      1.050000
0.015112      1.050000
0.014279      1.050000
0.013446      1.050000
0.012613      1.050000
0.011780      1.050000
0.010947      1.050000
0.010114      1.050000
0.009281      1.050000
0.008448      1.050000
0.007615      1.050000
0.006782      1.050000
0.005949      1.050000
0.005116      1.050000
0.004283      1.050000
0.003450      1.050000
0.002617      1.050000
0.001784      1.050000
