300.000000    0.000858
299.500000    -0.000309
299.000000    -0.000656
298.500000    0.000552
298.000000    -0.000594
297.500000    -0.000197
297.000000    -0.000811
296.500000    -0.000749
296.000000    -0.000057
295.500000    -0.002350
295.000000    -0.002115
294.500000    -0.000408
294.000000    0.000219
293.500000    0.000485
293.000000    0.000180
292.500000    0.001717
292.000000    -0.000056
291.500000    -0.000562
291.000000    0.000301
290.500000    -0.000257
290.000000    -0.002588
289.500000    0.003036
289.000000    -0.000495
288.500000    -0.001721
288.000000    0.000007
287.500000    0.000992
287.000000    0.000899
286.500000    0.002151
286.000000    0.001498
285.500000    -0.000682
285.000000    0.000484
284.500000    0.000546
284.000000    0.001043
283.500000    0.000039
283.000000    0.001747
282.500000    0.001179
282.000000    0.000172
281.500000    0.000135
281.000000    0.001657
280.500000    0.000206
280.000000    0.000623
279.500000    -0.000577
279.000000    -0.001840
278.500000    0.001024
278.000000    -0.000756
277.500000    0.000464
277.000000    -0.001204
276.500000    -0.000934
276.000000    0.000829
275.500000    -0.003341
275.000000    -0.000368
274.500000    -0.001935
274.000000    0.001634
273.500000    -0.000609
273.000000    0.002396
272.500000    -0.001823
272.000000    -0.000265
271.500000    0.000623
271.000000    0.000015
270.500000    0.001537
270.000000    -0.001071
269.500000    -0.000861
269.000000    0.001004
268.500000    -0.000100
268.000000    0.000535
267.500000    -0.000769
267.000000    -0.000850
266.500000    0.001266
266.000000    -0.001285
265.500000    -0.000644
265.000000    -0.003143
264.500000    0.000049
264.000000    -0.000340
263.500000    -0.001708
263.000000    0.000559
262.500000    -0.000347
262.000000    0.000574
261.500000    -0.000090
261.000000    -0.001012
260.500000    0.000326
260.000000    0.000742
259.500000    -0.000441
259.000000    -0.002183
258.500000    0.000244
258.000000    0.002066
257.500000    -0.000488
257.000000    -0.000615
256.500000    0.000248
256.000000    0.000720
255.500000    -0.001683
255.000000    -0.000052
254.500000    -0.000821
254.000000    0.001606
253.500000    0.000055
253.000000    -0.000263
252.500000    -0.001336
252.000000    -0.000148
251.500000    0.001152
251.000000    -0.001373
250.500000    0.001874
250.000000    -0.000269
249.500000    -0.000986
249.000000    -0.000781
248.500000    0.000042
248.000000    -0.001743
247.500000    0.000558
247.000000    -0.001678
246.500000    -0.001761
246.000000    0.000402
245.500000    0.000747
245.000000    0.001263
244.500000    0.001874
244.000000    -0.001423
243.500000    0.000563
243.000000    0.001091
242.500000    -0.001458
242.000000    -0.000202
241.500000    0.000482
241.000000    -0.001085
240.500000    0.000560
240.000000    0.002146
239.500000    -0.001082
239.000000    -0.000965
238.500000    0.000254
238.000000    0.000738
237.500000    -0.000319
237.000000    0.000388
236.500000    -0.001061
236.000000    -0.000167
235.500000    -0.000089
235.000000    -0.000529
234.500000    -0.000004
234.000000    0.000950
233.500000    0.000372
233.000000    -0.000338
232.500000    0.001603
232.000000    0.000197
231.500000    0.000222
231.000000    0.000024
230.500000    -0.001928
230.000000    -0.000215
229.500000    0.000702
229.000000    -0.000481
228.500000    -0.000586
228.000000    -0.000312
227.500000    0.000557
227.000000    -0.000285
226.500000    -0.000752
226.000000    -0.000790
225.500000    0.001310
225.000000    0.000481
224.500000    -0.001143
224.000000    -0.000819
223.500000    -0.000910
223.000000    -0.001326
222.500000    -0.001467
222.000000    -0.000653
221.500000    0.002177
221.000000    0.000721
220.500000    -0.002305
220.000000    0.000980
219.500000    0.000354
219.000000    -0.000174
218.500000    -0.000431
218.000000    0.000469
217.500000    0.001672
217.000000    -0.000682
216.500000    0.000039
216.000000    0.000786
215.500000    0.000461
215.000000    -0.000300
214.500000    0.000115
214.000000    0.000295
213.500000    0.000744
213.000000    0.001232
212.500000    -0.000743
212.000000    0.000200
211.500000    0.000192
211.000000    -0.001840
210.500000    0.001763
210.000000    0.001545
209.500000    0.000546
209.000000    0.000521
208.500000    -0.000709
208.000000    0.000452
207.500000    -0.001723
207.000000    0.001070
206.500000    0.001102
206.000000    0.000590
205.500000    0.002094
205.000000    0.000255
204.500000    0.000955
204.000000    0.000080
203.500000    0.000733
203.000000    -0.000637
202.500000    -0.001923
202.000000    0.000306
201.500000    -0.001013
201.000000    -0.001158
200.500000    -0.000982
200.000000    -0.000924
199.500000    0.002126
199.000000    -0.000699
198.500000    0.000995
198.000000    -0.000099
197.500000    -0.001179
197.000000    0.000019
196.500000    0.000596
196.000000    -0.001760
195.500000    0.000798
195.000000    0.001716
194.500000    -0.000215
194.000000    0.001623
193.500000    0.000737
193.000000    0.002591
192.500000    0.000259
192.000000    0.000251
191.500000    0.000777
191.000000    0.000100
190.500000    0.000460
190.000000    -0.000631
189.500000    -0.000823
189.000000    -0.000133
188.500000    -0.001397
188.000000    -0.000906
187.500000    -0.002501
187.000000    -0.000784
186.500000    0.000094
186.000000    -0.000990
185.500000    0.000457
185.000000    -0.000547
184.500000    -0.000050
184.000000    -0.000982
183.500000    -0.000967
183.000000    -0.000322
182.500000    -0.000071
182.000000    0.001581
181.500000    -0.000565
181.000000    -0.001882
180.500000    -0.000286
180.000000    -0.001236
179.500000    0.001353
179.000000    -0.001412
178.500000    -0.000333
178.000000    0.000547
177.500000    -0.000352
177.000000    -0.001291
176.500000    -0.002916
176.000000    0.002022
175.500000    -0.000827
175.000000    0.001849
174.500000    -0.001126
174.000000    0.001037
173.500000    -0.000301
173.000000    0.001024
172.500000    0.000530
172.000000    -0.002362
171.500000    -0.000534
171.000000    0.000198
170.500000    -0.001446
170.000000    -0.002194
169.500000    0.000296
169.000000    0.000388
168.500000    0.001419
168.000000    0.000431
167.500000    0.002436
167.000000    -0.000196
166.500000    -0.000906
166.000000    -0.001121
165.500000    0.000570
165.000000    0.000237
164.500000    -0.000223
164.000000    -0.000634
163.500000    0.001343
163.000000    -0.001539
162.500000    0.001933
162.000000    -0.002049
161.500000    -0.000250
161.000000    0.000471
160.500000    0.000396
160.000000    0.000251
159.500000    -0.001565
159.000000    0.000599
158.500000    -0.000565
158.000000    -0.000851
157.500000    0.000583
157.000000    0.000896
156.500000    0.000751
156.000000    -0.000341
155.500000    -0.002467
155.000000    -0.001272
154.500000    -0.000375
154.000000    -0.001821
153.500000    0.000099
153.000000    0.000563
152.500000    -0.000000
152.000000    0.000782
151.500000    -0.000182
151.000000    0.000481
150.500000    0.000039
150.000000    -0.002935
149.500000    0.000630
149.000000    -0.000554
148.500000    -0.001016
148.000000    0.000186
147.500000    0.000218
147.000000    -0.000162
146.500000    0.000562
146.000000    -0.000005
145.500000    0.000435
145.000000    -0.000701
144.500000    0.000833
144.000000    0.002497
143.500000    0.000465
143.000000    -0.001738
142.500000    -0.001087
142.000000    0.001647
141.500000    0.000774
141.000000    -0.000683
140.500000    0.002421
140.000000    -0.001404
139.500000    -0.002662
139.000000    -0.000283
138.500000    -0.000334
138.000000    0.002000
137.500000    -0.000118
137.000000    -0.000141
136.500000    -0.000653
136.000000    0.000972
135.500000    0.000629
135.000000    -0.000636
134.500000    0.002751
134.000000    -0.001374
133.500000    0.001329
133.000000    -0.000006
132.500000    -0.000688
132.000000    -0.001105
131.500000    0.000497
131.000000    0.001580
130.500000    0.000426
130.000000    0.000368
129.500000    0.001090
129.000000    -0.000078
128.500000    -0.000574
128.000000    -0.000925
127.500000    0.000260
127.000000    -0.002688
126.500000    -0.001737
126.000000    -0.001844
125.500000    -0.000356
125.000000    -0.000589
124.500000    0.001555
124.000000    -0.000916
123.500000    0.000796
123.000000    0.000202
122.500000    -0.000767
122.000000    0.000320
121.500000    0.001441
121.000000    0.001528
120.500000    0.001038
120.000000    0.000033
119.500000    0.000096
119.000000    -0.000232
118.500000    0.000534
118.000000    0.001553
117.500000    0.000238
117.000000    -0.000909
116.500000    0.000559
116.000000    -0.000402
115.500000    0.000523
115.000000    0.000143
114.500000    -0.002896
114.000000    0.000797
113.500000    -0.001954
113.000000    -0.000264
112.500000    -0.000057
112.000000    -0.000155
111.500000    0.000713
111.000000    -0.001356
110.500000    0.000131
110.000000    -0.001473
109.500000    0.001276
109.000000    0.002521
108.500000    -0.001055
108.000000    -0.000329
107.500000    -0.000815
107.000000    0.000137
106.500000    0.000918
106.000000    0.000947
105.500000    0.000209
105.000000    -0.000798
104.500000    -0.000727
104.000000    0.001069
103.500000    0.001802
103.000000    0.000951
102.500000    0.001793
102.000000    0.000512
101.500000    -0.001082
101.000000    -0.001461
100.500000    -0.000532
100.000000    -0.001164
99.500000     0.001229
99.000000     0.000584
98.500000     0.000252
98.000000     0.002574
97.500000     -0.000387
97.000000     -0.001408
96.500000     -0.000538
96.000000     -0.001086
95.500000     0.001446
95.000000     -0.000378
94.500000     -0.000076
94.000000     0.002243
93.500000     0.002072
93.000000     0.000829
92.500000     -0.000879
92.000000     -0.000061
91.500000     -0.001249
91.000000     -0.000004
90.500000     -0.003122
90.000000     -0.000192
89.500000     0.000874
89.000000     -0.001447
88.500000     0.001148
88.000000     0.001262
87.500000     0.001067
87.000000     0.001407
86.500000     -0.000034
86.000000     0.001191
85.500000     0.000583
85.000000     -0.002168
84.500000     -0.000169
84.000000     -0.001239
83.500000     -0.000537
83.000000     -0.000215
82.500000     -0.000509
82.000000     -0.000708
81.500000     0.000281
81.000000     0.000750
80.500000     -0.000976
80.000000     0.000879
79.500000     -0.000948
79.000000     -0.000633
78.500000     -0.001120
78.000000     0.001538
77.500000     -0.002416
77.000000     0.000354
76.500000     0.000024
76.000000     -0.000823
75.500000     -0.001237
75.000000     -0.000998
74.500000     0.000839
74.000000     0.001653
73.500000     -0.001249
73.000000     -0.001012
72.500000     0.002681
72.000000     0.000621
71.500000     0.000477
71.000000     -0.001118
70.500000     -0.000153
70.000000     -0.000170
69.500000     -0.000182
69.000000     0.000296
68.500000     -0.000368
68.000000     -0.001816
67.500000     -0.000392
67.000000     0.000857
66.500000     -0.001230
66.000000     0.000003
65.500000     0.000713
65.000000     -0.000572
64.500000     -0.000768
64.000000     0.000260
63.500000     0.000592
63.000000     -0.000611
62.500000     -0.000045
62.000000     -0.000310
61.500000     -0.000191
61.000000     0.000663
60.500000     -0.000463
60.000000     0.000053
59.500000     -0.001512
59.000000     0.000991
58.500000     0.000038
58.000000     0.000816
57.500000     -0.001089
57.000000     0.001873
56.500000     -0.000154
56.000000     0.001960
55.500000     0.002595
55.000000     0.000589
54.500000     -0.000533
54.000000     0.000912
53.500000     0.000412
53.000000     -0.000358
52.500000     -0.000242
52.000000     0.000296
51.500000     -0.001485
51.000000     -0.001826
50.500000     0.001367
50.000000     -0.001241
49.500000     -0.002896
49.000000     0.001396
48.500000     0.000383
48.000000     -0.000544
47.500000     -0.000260
47.000000     0.000146
46.500000     0.001490
46.000000     0.002634
45.500000     0.002341
45.000000     -0.000718
44.500000     -0.000890
44.000000     -0.000577
43.500000     0.000475
43.000000     -0.000992
42.500000     -0.002141
42.000000     0.000701
41.500000     0.000373
41.000000     0.000448
40.500000     0.000364
40.000000     -0.000094
39.500000     0.001814
39.000000     0.000835
38.500000     0.000887
38.000000     -0.000629
37.500000     0.000624
37.000000     0.000557
36.500000     -0.000798
36.000000     0.000813
35.500000     0.001358
35.000000     -0.001571
34.500000     0.001779
34.000000     -0.001932
33.500000     0.000532
33.000000     -0.002064
32.500000     -0.001417
32.000000     0.000407
31.500000     -0.002547
31.000000     0.000638
30.500000     0.000787
30.000000     -0.000080
29.500000     0.001974
29.000000     -0.000427
28.500000     -0.000167
28.000000     0.002795
27.500000     0.000957
27.000000     0.000857
26.500000     -0.001539
26.000000     0.000228
25.500000     0.001340
25.000000     0.001468
24.500000     -0.000759
24.000000     0.000172
23.500000     0.001748
23.000000     -0.001132
22.500000     0.002098
22.000000     0.001565
21.500000     -0.001971
21.000000     -0.001221
20.500000     -0.000604
20.000000     0.000934
19.500000     0.000431
19.000000     0.000123
18.500000     -0.002480
18.000000     0.000188
17.500000     0.000218
17.000000     0.000609
16.500000     0.000707
16.000000     -0.000352
15.500000     -0.000438
15.000000     -0.000059
14.500000     -0.002527
14.000000     -0.001646
13.500000     -0.003159
13.000000     0.001207
12.500000     -0.002190
12.000000     0.000609
11.500000     -0.000239
11.000000     -0.001691
10.500000     -0.000023
10.000000     -0.000426
9.500000      0.002144
9.000000      -0.001114
8.500000      -0.002013
8.000000      -0.001284
7.500000      -0.004155
7.000000      0.001761
6.500000      -0.002113
6.000000      0.003306
5.500000      -0.002662
5.000000      -0.001170
4.500000      0.003180
4.000000      -0.005165
3.500000      -0.000607
3.000000      0.020034
2.500000      -0.008683
2.000000      0.072595
1.500000      0.246792
1.000000      -1.009242
0.500000      -1.010000
