2.500000      0.111560
2.499167      -0.095302
2.498334      0.021271
2.497501      0.005734
2.496668      0.009763
2.495835      0.122217
2.495002      -0.024559
2.494169      -0.036559
2.493336      -0.015180
2.492503      -0.096166
2.491670      -0.001393
2.490837      0.010452
2.490004      0.064886
2.489171      -0.162450
2.488338      -0.110633
2.487504      -0.113694
2.486671      -0.054459
2.485838      0.083203
2.485005      0.015006
2.484172      -0.093727
2.483339      -0.022634
2.482506      0.062459
2.481673      -0.065716
2.480840      -0.163269
2.480007      -0.081929
2.479174      0.066776
2.478341      -0.039960
2.477508      0.073810
2.476675      0.025905
2.475842      0.004756
2.475009      0.060119
2.474176      -0.027846
2.473343      0.010235
2.472510      -0.085250
2.471677      0.035506
2.470844      -0.053629
2.470011      0.059857
2.469178      0.114808
2.468345      -0.042591
2.467512      -0.036660
2.466679      0.094214
2.465846      0.040965
2.465013      -0.012680
2.464180      0.059340
2.463346      -0.103295
2.462513      -0.054594
2.461680      0.015089
2.460847      0.030690
2.460014      0.002336
2.459181      -0.070190
2.458348      0.050574
2.457515      0.151339
2.456682      -0.020941
2.455849      -0.121087
2.455016      -0.059767
2.454183      -0.043349
2.453350      -0.053320
2.452517      0.008529
2.451684      0.036697
2.450851      -0.202915
2.450018      0.036465
2.449185      0.042411
2.448352      -0.101730
2.447519      -0.066966
2.446686      0.050963
2.445853      0.015599
2.445020      0.062334
2.444187      0.009852
2.443354      0.025512
2.442521      -0.218935
2.441688      -0.066482
2.440855      -0.081015
2.440022      0.083663
2.439188      0.097548
2.438355      0.042369
2.437522      0.116146
2.436689      0.110619
2.435856      -0.076944
2.435023      0.072330
2.434190      -0.019550
2.433357      0.018570
2.432524      0.004333
2.431691      -0.034539
2.430858      -0.080479
2.430025      -0.106475
2.429192      0.009305
2.428359      -0.066777
2.427526      -0.029570
2.426693      0.089739
2.425860      -0.113659
2.425027      0.013371
2.424194      0.044505
2.423361      -0.192071
2.422528      -0.053790
2.421695      -0.052015
2.420862      -0.012633
2.420029      -0.030220
2.419196      0.058458
2.418363      0.020091
2.417530      0.164092
2.416697      0.005069
2.415864      0.008427
2.415030      0.066816
2.414197      0.024049
2.413364      -0.112991
2.412531      0.036696
2.411698      0.050100
2.410865      -0.038883
2.410032      -0.015440
2.409199      -0.003799
2.408366      0.030574
2.407533      0.121306
2.406700      -0.041178
2.405867      0.204964
2.405034      0.036975
2.404201      0.092452
2.403368      -0.013109
2.402535      -0.129564
2.401702      0.009721
2.400869      -0.103047
2.400036      -0.067100
2.399203      0.031736
2.398370      0.026548
2.397537      0.203970
2.396704      0.015985
2.395871      0.260899
2.395038      0.068674
2.394205      0.047581
2.393372      0.047606
2.392539      -0.036833
2.391706      0.032966
2.390872      -0.041086
2.390039      0.166775
2.389206      0.146560
2.388373      0.110980
2.387540      -0.118185
2.386707      0.229253
2.385874      -0.080154
2.385041      0.144996
2.384208      -0.023578
2.383375      0.037496
2.382542      0.078815
2.381709      0.057454
2.380876      0.026836
2.380043      -0.225533
2.379210      0.083121
2.378377      -0.012490
2.377544      -0.031087
2.376711      0.056450
2.375878      0.055860
2.375045      -0.046290
2.374212      0.020435
2.373379      0.027684
2.372546      -0.059969
2.371713      0.010339
2.370880      -0.111368
2.370047      -0.001447
2.369214      -0.027519
2.368381      0.014732
2.367548      0.073084
2.366714      -0.020898
2.365881      0.000235
2.365048      0.067540
2.364215      -0.248057
2.363382      0.096950
2.362549      -0.179066
2.361716      0.061089
2.360883      0.114419
2.360050      0.088286
2.359217      0.055249
2.358384      -0.053750
2.357551      0.008632
2.356718      0.042749
2.355885      -0.037701
2.355052      -0.048560
2.354219      0.063363
2.353386      -0.027566
2.352553      0.119254
2.351720      0.174165
2.350887      -0.023357
2.350054      0.020205
2.349221      -0.047952
2.348388      -0.044601
2.347555      0.060384
2.346722      0.087660
2.345889      -0.033873
2.345056      -0.029403
2.344223      -0.027177
2.343390      0.007688
2.342556      -0.023000
2.341723      0.005095
2.340890      -0.064955
2.340057      0.196960
2.339224      -0.066896
2.338391      0.030076
2.337558      0.106278
2.336725      0.084814
2.335892      -0.127036
2.335059      -0.133512
2.334226      0.074238
2.333393      -0.094283
2.332560      0.036922
2.331727      0.066065
2.330894      -0.101315
2.330061      0.135312
2.329228      0.158533
2.328395      0.015321
2.327562      0.062716
2.326729      0.182240
2.325896      -0.107117
2.325063      -0.108193
2.324230      -0.170522
2.323397      -0.220420
2.322564      0.107940
2.321731      -0.046414
2.320898      0.102762
2.320065      -0.030316
2.319232      0.040860
2.318398      -0.000779
2.317565      -0.123681
2.316732      -0.042694
2.315899      -0.112752
2.315066      0.049527
2.314233      0.066171
2.313400      -0.022474
2.312567      -0.000576
2.311734      -0.041088
2.310901      -0.115674
2.310068      -0.030474
2.309235      0.053206
2.308402      0.142351
2.307569      -0.202150
2.306736      0.081128
2.305903      -0.091760
2.305070      -0.021816
2.304237      -0.085354
2.303404      -0.028383
2.302571      -0.025384
2.301738      0.069511
2.300905      0.087945
2.300072      -0.144717
2.299239      -0.119975
2.298406      0.078996
2.297573      0.112626
2.296740      0.115054
2.295907      -0.116823
2.295074      -0.178631
2.294240      0.026659
2.293407      -0.019779
2.292574      0.073341
2.291741      0.023721
2.290908      0.036915
2.290075      0.134442
2.289242      0.044210
2.288409      0.028544
2.287576      0.051156
2.286743      0.149031
2.285910      0.006954
2.285077      -0.141642
2.284244      -0.019135
2.283411      -0.101380
2.282578      0.043506
2.281745      0.030331
2.280912      -0.065099
2.280079      0.059660
2.279246      -0.183759
2.278413      0.008255
2.277580      0.002967
2.276747      0.159370
2.275914      -0.039785
2.275081      0.112955
2.274248      0.080495
2.273415      0.055533
2.272582      -0.054249
2.271749      0.067727
2.270916      0.103174
2.270082      0.028189
2.269249      0.047477
2.268416      0.327139
2.267583      0.029735
2.266750      -0.072609
2.265917      -0.133370
2.265084      -0.057051
2.264251      -0.124268
2.263418      -0.101517
2.262585      0.080374
2.261752      0.131080
2.260919      -0.201844
2.260086      0.217814
2.259253      0.034435
2.258420      0.018532
2.257587      -0.126494
2.256754      -0.062090
2.255921      0.046104
2.255088      0.059749
2.254255      -0.104429
2.253422      0.142096
2.252589      0.016575
2.251756      -0.037135
2.250923      0.030532
2.250090      -0.032050
2.249257      -0.005359
2.248424      -0.023094
2.247591      -0.072150
2.246758      0.089785
2.245924      0.002868
2.245091      0.034550
2.244258      -0.123392
2.243425      0.051668
2.242592      -0.213526
2.241759      -0.202350
2.240926      0.026951
2.240093      -0.216580
2.239260      -0.115907
2.238427      0.069890
2.237594      0.101570
2.236761      -0.019796
2.235928      0.123899
2.235095      0.002205
2.234262      0.087470
2.233429      -0.066289
2.232596      0.145396
2.231763      -0.053225
2.230930      0.146561
2.230097      0.166957
2.229264      0.060985
2.228431      -0.074446
2.227598      0.068393
2.226765      -0.010410
2.225932      0.035248
2.225099      -0.021465
2.224266      0.222200
2.223433      -0.188756
2.222600      -0.033794
2.221766      0.085945
2.220933      -0.107700
2.220100      0.031550
2.219267      0.082057
2.218434      -0.082083
2.217601      -0.215525
2.216768      0.160181
2.215935      0.072089
2.215102      -0.117738
2.214269      -0.011940
2.213436      -0.013175
2.212603      -0.062140
2.211770      0.058059
2.210937      -0.061659
2.210104      -0.037963
2.209271      0.033100
2.208438      -0.076595
2.207605      0.094850
2.206772      0.227111
2.205939      -0.370797
2.205106      0.092861
2.204273      -0.193079
2.203440      0.101296
2.202607      -0.341837
2.201774      -0.159305
2.200941      -0.132343
2.200108      0.121584
2.199275      -0.116826
2.198442      -0.195760
2.197608      0.159796
2.196775      -0.133851
2.195942      0.002708
2.195109      0.005083
2.194276      -0.045160
2.193443      -0.063363
2.192610      0.180458
2.191777      0.174997
2.190944      -0.020614
2.190111      -0.221659
2.189278      0.047052
2.188445      0.014438
2.187612      -0.020411
2.186779      -0.283915
2.185946      0.209878
2.185113      -0.131399
2.184280      0.186646
2.183447      -0.058574
2.182614      -0.004705
2.181781      0.107250
2.180948      -0.144846
2.180115      0.335141
2.179282      0.206069
2.178449      0.032700
2.177616      -0.176939
2.176783      -0.326295
2.175950      0.215590
2.175117      -0.109080
2.174284      0.151816
2.173450      0.213940
2.172617      0.182414
2.171784      0.006389
2.170951      -0.030376
2.170118      0.060619
2.169285      0.036724
2.168452      0.008623
2.167619      -0.013485
2.166786      -0.021692
2.165953      0.147325
2.165120      -0.268928
2.164287      -0.019322
2.163454      0.268853
2.162621      -0.057570
2.161788      0.074225
2.160955      0.042257
2.160122      -0.110045
2.159289      -0.235203
2.158456      0.048570
2.157623      -0.031044
2.156790      0.154381
2.155957      -0.246276
2.155124      0.032271
2.154291      -0.172813
2.153458      0.150562
2.152625      0.068140
2.151792      -0.103101
2.150959      0.084066
2.150126      -0.013905
2.149292      0.101038
2.148459      -0.105185
2.147626      -0.157410
2.146793      0.112622
2.145960      0.232489
2.145127      0.090735
2.144294      0.168064
2.143461      0.265750
2.142628      -0.158644
2.141795      0.106974
2.140962      0.124053
2.140129      -0.200282
2.139296      0.054270
2.138463      0.027689
2.137630      0.030923
2.136797      -0.271489
2.135964      -0.115150
2.135131      0.175688
2.134298      -0.149943
2.133465      -0.152757
2.132632      0.031331
2.131799      -0.033956
2.130966      -0.136725
2.130133      0.034036
2.129300      -0.205664
2.128467      0.048355
2.127634      0.012845
2.126801      -0.054713
2.125968      -0.015345
2.125134      -0.181403
2.124301      0.013225
2.123468      0.005383
2.122635      0.249400
2.121802      -0.187840
2.120969      0.081873
2.120136      -0.156866
2.119303      -0.088271
2.118470      0.027585
2.117637      0.229487
2.116804      0.121162
2.115971      0.006179
2.115138      -0.041174
2.114305      -0.021471
2.113472      -0.021393
2.112639      0.066775
2.111806      -0.137039
2.110973      0.054356
2.110140      -0.213317
2.109307      0.094265
2.108474      -0.014702
2.107641      -0.339274
2.106808      0.108376
2.105975      0.083591
2.105142      0.225460
2.104309      0.082897
2.103476      0.048004
2.102643      0.041211
2.101810      -0.253205
2.100976      -0.178240
2.100143      0.029403
2.099310      -0.096062
2.098477      -0.190200
2.097644      -0.319965
2.096811      -0.069935
2.095978      0.042459
2.095145      0.020109
2.094312      0.062395
2.093479      -0.151428
2.092646      0.139295
2.091813      -0.264140
2.090980      -0.078423
2.090147      -0.262864
2.089314      -0.042909
2.088481      0.134095
2.087648      -0.067975
2.086815      0.140841
2.085982      -0.066286
2.085149      0.204678
2.084316      0.106860
2.083483      -0.344748
2.082650      0.016748
2.081817      -0.171576
2.080984      0.036947
2.080151      -0.024899
2.079318      -0.285592
2.078485      0.111758
2.077652      0.158460
2.076818      -0.247012
2.075985      0.050678
2.075152      0.055953
2.074319      -0.157669
2.073486      0.112406
2.072653      -0.103849
2.071820      -0.188504
2.070987      0.048023
2.070154      0.083100
2.069321      0.038410
2.068488      0.110332
2.067655      -0.092947
2.066822      -0.025031
2.065989      -0.250925
2.065156      0.009154
2.064323      0.043745
2.063490      -0.175560
2.062657      -0.178855
2.061824      0.147844
2.060991      -0.069736
2.060158      0.045019
2.059325      0.140989
2.058492      -0.175038
2.057659      -0.067289
2.056826      -0.090134
2.055993      0.051375
2.055160      -0.106188
2.054327      -0.210352
2.053493      -0.125557
2.052660      -0.115235
2.051827      0.336115
2.050994      0.035555
2.050161      -0.145252
2.049328      -0.160785
2.048495      -0.034258
2.047662      0.135495
2.046829      0.285002
2.045996      -0.016295
2.045163      0.117748
2.044330      0.253560
2.043497      0.219388
2.042664      0.002052
2.041831      0.261835
2.040998      -0.023253
2.040165      0.020473
2.039332      -0.323095
2.038499      0.124481
2.037666      -0.057434
2.036833      -0.018772
2.036000      -0.036203
2.035167      -0.024427
2.034334      -0.067200
2.033501      0.006706
2.032668      0.276169
2.031835      0.092442
2.031002      0.043710
2.030169      0.121932
2.029335      -0.150400
2.028502      -0.100638
2.027669      -0.067135
2.026836      -0.147425
2.026003      0.295549
2.025170      -0.280609
2.024337      -0.092042
2.023504      -0.151460
2.022671      -0.187108
2.021838      -0.044108
2.021005      0.156249
2.020172      0.251052
2.019339      -0.093834
2.018506      0.140204
2.017673      -0.431746
2.016840      0.157310
2.016007      0.102778
2.015174      0.172341
2.014341      0.131151
2.013508      0.010279
2.012675      -0.181194
2.011842      -0.122305
2.011009      0.243952
2.010176      0.283877
2.009343      0.069890
2.008510      -0.193455
2.007677      0.082470
2.006844      0.134199
2.006011      0.175086
2.005177      0.085520
2.004344      0.283105
2.003511      -0.167737
2.002678      0.098950
2.001845      0.093940
2.001012      0.123627
2.000179      0.229127
1.999346      0.263692
1.998513      -0.060155
1.997680      0.144400
1.996847      -0.192088
1.996014      0.134445
1.995181      0.075052
1.994348      -0.128737
1.993515      0.158843
1.992682      -0.111190
1.991849      -0.263850
1.991016      0.055273
1.990183      0.038282
1.989350      -0.132874
1.988517      0.148035
1.987684      -0.005341
1.986851      0.135000
1.986018      -0.024139
1.985185      0.174119
1.984352      0.159847
1.983519      0.120231
1.982686      -0.192286
1.981853      -0.114440
1.981019      0.080152
1.980186      0.209925
1.979353      0.068278
1.978520      0.239315
1.977687      0.618035
1.976854      -0.353555
1.976021      -0.013848
1.975188      -0.040075
1.974355      -0.123459
1.973522      -0.326490
1.972689      0.293401
1.971856      -0.110420
1.971023      -0.063445
1.970190      -0.114423
1.969357      0.523223
1.968524      0.102540
1.967691      -0.026910
1.966858      -0.028610
1.966025      -0.296655
1.965192      -0.022467
1.964359      0.027356
1.963526      0.068344
1.962693      -0.131708
1.961860      -0.054878
1.961027      0.067280
1.960194      0.077607
1.959361      0.246055
1.958528      -0.182162
1.957695      -0.145225
1.956861      0.302424
1.956028      -0.262884
1.955195      -0.112847
1.954362      -0.238367
1.953529      -0.014804
1.952696      0.067514
1.951863      0.056160
1.951030      -0.241245
1.950197      -0.508750
1.949364      -0.075395
1.948531      0.173935
1.947698      -0.288345
1.946865      0.082901
1.946032      0.136121
1.945199      0.066508
1.944366      -0.434010
1.943533      -0.300015
1.942700      -0.189468
1.941867      -0.220395
1.941034      0.001505
1.940201      -0.140985
1.939368      0.122545
1.938535      -0.077363
1.937702      0.458093
1.936869      -0.163233
1.936036      -0.053208
1.935203      -0.158380
1.934370      -0.026155
1.933537      -0.330427
1.932703      -0.046567
1.931870      -0.161968
1.931037      -0.258026
1.930204      0.085676
1.929371      0.238603
1.928538      -0.297380
1.927705      -0.291805
1.926872      -0.025866
1.926039      -0.181719
1.925206      -0.195576
1.924373      -0.127301
1.923540      0.021675
1.922707      0.140205
1.921874      -0.111530
1.921041      0.499220
1.920208      0.254425
1.919375      -0.066750
1.918542      -0.084320
1.917709      0.057822
1.916876      -0.174562
1.916043      -0.144810
1.915210      0.108905
1.914377      0.510910
1.913544      -0.041225
1.912711      -0.009410
1.911878      -0.169650
1.911045      0.041742
1.910212      -0.413645
1.909379      -0.035840
1.908545      0.011406
1.907712      0.027952
1.906879      -0.252809
1.906046      0.078385
1.905213      -0.013872
1.904380      0.026665
1.903547      0.160365
1.902714      0.011804
1.901881      -0.071323
1.901048      0.323886
1.900215      0.071852
1.899382      -0.052867
1.898549      -0.099372
1.897716      0.080285
1.896883      -0.184247
1.896050      0.165610
1.895217      -0.074665
1.894384      -0.439160
1.893551      0.475262
1.892718      0.243825
1.891885      0.181458
1.891052      0.026013
1.890219      0.004488
1.889386      -0.198369
1.888553      0.380174
1.887720      -0.123167
1.886887      -0.280855
1.886054      -0.371253
1.885221      0.194218
1.884387      -0.634260
1.883554      -0.019459
1.882721      0.420326
1.881888      0.265642
1.881055      0.058734
1.880222      0.094976
1.879389      0.196193
1.878556      0.091398
1.877723      -0.152678
1.876890      -0.198453
1.876057      0.145692
1.875224      0.186878
1.874391      -0.588756
1.873558      -0.005676
1.872725      0.097790
1.871892      0.036406
1.871059      0.195434
1.870226      0.215279
1.869393      0.441671
1.868560      0.075329
1.867727      0.183786
1.866894      -0.091515
1.866061      -0.353215
1.865228      -0.054039
1.864395      0.195196
1.863562      -0.202442
1.862729      -0.444227
1.861896      0.390249
1.861063      0.134281
1.860229      0.123933
1.859396      0.198492
1.858563      -0.070220
1.857730      -0.096016
1.856897      0.137994
1.856064      -0.000275
1.855231      -0.038063
1.854398      -0.359884
1.853565      -0.124381
1.852732      0.305385
1.851899      -0.166405
1.851066      -0.250677
1.850233      0.221192
1.849400      -0.072594
1.848567      -0.426274
1.847734      0.472475
1.846901      -0.176528
1.846068      -0.124325
1.845235      -0.164980
1.844402      0.021342
1.843569      -0.377802
1.842736      0.036875
1.841903      -0.664868
1.841070      -0.128597
1.840237      0.249368
1.839404      0.133310
1.838571      0.504230
1.837738      0.070140
1.836905      0.158915
1.836071      0.372875
1.835238      0.656070
1.834405      0.261093
1.833572      0.086670
1.832739      0.251785
1.831906      -0.278505
1.831073      0.065370
1.830240      0.152435
1.829407      0.085029
1.828574      0.140864
1.827741      -0.446500
1.826908      0.451786
1.826075      0.363314
1.825242      0.341098
1.824409      0.553775
1.823576      0.058375
1.822743      -0.543416
1.821910      0.131441
1.821077      -0.372526
1.820244      -0.364465
1.819411      0.067031
1.818578      0.162728
1.817745      0.203035
1.816912      0.058063
1.816079      -0.199161
1.815246      -0.282037
1.814413      -0.088354
1.813580      -0.308565
1.812747      -0.429790
1.811913      -0.406140
1.811080      -0.500405
1.810247      0.153915
1.809414      0.032942
1.808581      0.050988
1.807748      -0.030625
1.806915      0.146001
1.806082      -0.261115
1.805249      0.359365
1.804416      0.828809
1.803583      0.200123
1.802750      0.205135
1.801917      0.333263
1.801084      0.440005
1.800251      0.162470
1.799418      0.341857
1.798585      0.086340
1.797752      0.113166
1.796919      -0.621441
1.796086      -0.085348
1.795253      -0.557140
1.794420      0.256595
1.793587      0.306729
1.792754      -0.116919
1.791921      0.006853
1.791088      0.077652
1.790255      0.488427
1.789422      -0.142225
1.788589      -0.078380
1.787755      0.559075
1.786922      -0.442658
1.786089      -0.627475
1.785256      -0.195335
1.784423      -0.738405
1.783590      -0.333629
1.782757      -0.085654
1.781924      -0.369890
1.781091      0.342655
1.780258      -0.292715
1.779425      -0.251588
1.778592      0.478590
1.777759      -0.295674
1.776926      0.664125
1.776093      -0.000949
1.775260      -0.034884
1.774427      -0.257139
1.773594      0.404039
1.772761      -0.255709
1.771928      0.808918
1.771095      0.531542
1.770262      0.054747
1.769429      -0.073445
1.768596      0.406395
1.767763      -0.288490
1.766930      -0.284910
1.766097      0.582783
1.765264      -0.340658
1.764431      -0.542042
1.763597      -0.115230
1.762764      -0.032873
1.761931      -0.701967
1.761098      -0.387765
1.760265      0.802092
1.759432      0.322307
1.758599      -0.322753
1.757766      0.141742
1.756933      -0.091748
1.756100      0.394778
1.755267      0.005349
1.754434      0.101376
1.753601      -0.636464
1.752768      -0.345451
1.751935      -0.528595
1.751102      0.429811
1.750269      -0.338191
1.749436      0.261577
1.748603      -0.186477
1.747770      -0.071914
1.746937      0.939304
1.746104      -0.019020
1.745271      0.927153
1.744438      0.577200
1.743605      0.904965
1.742772      -0.294755
1.741939      -0.211808
1.741106      -0.470183
1.740273      -0.358156
1.739439      0.313184
1.738606      0.857100
1.737773      0.086930
1.736940      0.013728
1.736107      0.779650
1.735274      0.061865
1.734441      -0.583110
1.733608      0.224377
1.732775      0.255590
1.731942      0.186925
1.731109      0.223020
1.730276      0.064642
1.729443      0.130252
1.728610      -0.067150
1.727777      0.282870
1.726944      -0.568066
1.726111      -0.761939
1.725278      -0.631800
1.724445      -0.909277
1.723612      -0.709228
1.722779      -0.676273
1.721946      -0.055206
1.721113      -0.405071
1.720280      -0.488325
1.719447      0.377227
1.718614      0.050089
1.717781      0.512356
1.716948      -0.686228
1.716115      -0.753972
1.715281      -0.062318
1.714448      -0.678177
1.713615      -0.792962
1.712782      0.959280
1.711949      -0.127975
1.711116      0.099505
1.710283      0.222377
1.709450      -0.871702
1.708617      -0.549840
1.707784      -0.430705
1.706951      -0.625475
1.706118      -0.012020
1.705285      -0.066225
1.704452      0.413983
1.703619      0.444743
1.702786      0.691508
1.701953      0.210320
1.701120      0.480295
1.700287      -0.413007
1.699454      -0.315028
1.698621      0.462891
1.697788      0.082261
1.696955      -0.014470
1.696122      -0.361802
1.695289      0.722997
1.694456      0.042465
1.693623      -0.615088
1.692790      0.231155
1.691957      0.119995
1.691123      0.725620
1.690290      -0.209163
1.689457      -0.512232
1.688624      0.634403
1.687791      0.173335
1.686958      -0.229168
1.686125      -0.720950
1.685292      -0.480231
1.684459      -0.008956
1.683626      -0.477770
1.682793      -0.653925
1.681960      -0.209462
1.681127      -0.081915
1.680294      -0.309927
1.679461      -0.789895
1.678628      -0.415310
1.677795      -0.616432
1.676962      0.000813
1.676129      0.220188
1.675296      0.058252
1.674463      -0.201430
1.673630      0.428415
1.672797      -0.172668
1.671964      -0.371522
1.671131      -0.154003
1.670298      0.021257
1.669465      -0.025180
1.668632      -0.371727
1.667799      0.646225
1.666965      0.127338
1.666132      -0.104845
1.665299      -0.727250
1.664466      -0.439065
1.663633      0.709715
1.662800      0.544900
1.661967      0.572863
1.661134      0.385677
1.660301      0.004023
1.659468      0.324960
1.658635      -0.847835
1.657802      -0.251812
1.656969      -0.240005
1.656136      0.466610
1.655303      0.605735
1.654470      -0.160492
1.653637      0.410722
1.652804      0.516940
1.651971      0.169685
1.651138      -0.158520
1.650305      1.021093
1.649472      0.002720
1.648639      0.212352
1.647806      0.331345
1.646973      -0.062955
1.646140      -0.318136
1.645307      -0.552079
1.644474      -0.523077
1.643641      -0.667750
1.642807      -1.008590
1.641974      -0.447670
1.641141      -0.664401
1.640308      0.620984
1.639475      -0.398093
1.638642      0.056993
1.637809      0.728290
1.636976      0.449420
1.636143      0.420595
1.635310      0.340037
1.634477      0.519155
1.633644      0.182987
1.632811      1.027877
1.631978      -0.758030
1.631145      -1.027096
1.630312      -0.441841
1.629479      -1.010750
1.628646      -0.510392
1.627813      0.041099
1.626980      0.425229
1.626147      -0.072950
1.625314      0.697568
1.624481      -0.804298
1.623648      0.593060
1.622815      -1.013692
1.621982      -0.244658
1.621149      0.277535
1.620316      0.702398
1.619483      -0.253810
1.618649      -0.212515
1.617816      1.027603
1.616983      1.026665
1.616150      0.457985
1.615317      -0.729357
1.614484      -0.350496
1.613651      -0.287461
1.612818      0.149065
1.611985      0.543550
1.611152      1.026540
1.610319      0.537708
1.609486      1.028520
1.608653      0.645563
1.607820      0.753083
1.606987      0.821090
1.606154      -1.025923
1.605321      -1.030422
1.604488      -0.667612
1.603655      -0.451122
1.602822      -0.743702
1.601989      0.695525
1.601156      0.504483
1.600323      -0.546883
1.599490      -0.828457
1.598657      -1.024127
1.597824      -0.649768
1.596991      -0.254495
1.596158      -1.030493
1.595325      -0.974253
1.594491      -0.662335
1.593658      0.155135
1.592825      -0.224640
1.591992      0.359192
1.591159      -0.526178
1.590326      -0.095953
1.589493      0.817833
1.588660      -0.063222
1.587827      -1.028427
1.586994      0.195440
1.586161      0.018437
1.585328      -1.027195
1.584495      -0.936271
1.583662      -1.029069
1.582829      -0.223013
1.581996      -1.030870
1.581163      0.385080
1.580330      -0.574960
1.579497      0.767353
1.578664      -0.308615
1.577831      -0.379353
1.576998      0.005447
1.576165      -0.522512
1.575332      -0.833663
1.574499      -1.031908
1.573666      -1.030998
1.572833      -0.313747
1.572000      -0.195212
1.571167      -0.586900
1.570333      0.133175
1.569500      -0.444272
1.568667      -0.140532
1.567834      0.075165
1.567001      1.030510
1.566168      -0.507085
1.565335      0.450693
1.564502      1.030635
1.563669      0.680008
1.562836      -0.717945
1.562003      -0.250646
1.561170      -0.165889
1.560337      -0.643391
1.559504      -1.031374
1.558671      -1.031145
1.557838      -0.517185
1.557005      -1.033750
1.556172      0.000535
1.555339      -0.228235
1.554506      -0.872563
1.553673      0.492593
1.552840      0.778280
1.552007      1.033100
1.551174      1.033167
1.550341      1.033815
1.549508      0.842465
1.548675      -0.715435
1.547842      1.031065
1.547009      -0.294547
1.546175      0.384362
1.545342      -0.939805
1.544509      1.009753
1.543676      0.267030
1.542843      0.276262
1.542010      -1.004372
1.541177      1.033595
1.540344      0.991080
1.539511      -0.136415
1.538678      0.334623
1.537845      -0.882470
1.537012      0.828475
1.536179      1.031422
1.535346      1.032140
1.534513      0.825113
1.533680      0.690200
1.532847      1.028070
1.532014      -0.489785
1.531181      -0.008535
1.530348      1.030240
1.529515      1.032035
1.528682      1.034268
1.527849      1.036842
1.527016      -0.161457
1.526183      -1.034068
1.525350      -1.033602
1.524517      0.694660
1.523684      1.035690
1.522851      0.228543
1.522017      -1.033171
1.521184      -0.229536
1.520351      1.033805
1.519518      0.323555
1.518685      0.303293
1.517852      -0.845450
1.517019      -1.034678
1.516186      -0.976566
1.515353      -0.836346
1.514520      0.294070
1.513687      -0.398322
1.512854      0.412545
1.512021      -0.645534
1.511188      -1.035786
1.510355      0.629830
1.509522      1.036310
1.508689      -0.288626
1.507856      -0.911251
1.507023      -0.930912
1.506190      -0.184893
1.505357      -1.033057
1.504524      -1.037765
1.503691      -0.979945
1.502858      -0.053117
1.502025      0.338195
1.501192      1.037087
1.500359      1.034610
1.499526      1.033352
1.498693      1.034047
1.497859      1.034920
1.497026      -0.167090
1.496193      -0.259880
1.495360      0.340898
1.494527      -0.516035
1.493694      1.034727
1.492861      1.034840
1.492028      1.036378
1.491195      1.011205
1.490362      -1.034168
1.489529      -1.034278
1.488696      -1.037395
1.487863      -1.037645
1.487030      -1.035515
1.486197      -0.042303
1.485364      1.036484
1.484531      0.776006
1.483698      1.035455
1.482865      0.426322
1.482032      1.035555
1.481199      1.035627
1.480366      1.035982
1.479533      1.037516
1.478700      -0.596839
1.477867      1.036067
1.477034      1.035398
1.476201      -0.729373
1.475368      0.759197
1.474535      0.197223
1.473701      1.036970
1.472868      0.330640
1.472035      -1.037068
1.471202      -1.038280
1.470369      0.569862
1.469536      1.036808
1.468703      1.036865
1.467870      1.036183
1.467037      0.914062
1.466204      0.117730
1.465371      -1.037870
1.464538      1.017615
1.463705      1.036350
1.462872      1.037670
1.462039      0.679400
1.461206      -1.037755
1.460373      -1.037860
1.459540      -0.485085
1.458707      -1.007840
1.457874      -0.303457
1.457041      -1.038120
1.456208      -0.201300
1.455375      -1.035300
1.454542      -1.036180
1.453709      -1.038965
1.452876      -0.556593
1.452043      -1.036925
1.451210      -1.038298
1.450377      -0.628502
1.449543      -0.301957
1.448710      -1.038203
1.447877      -1.040335
1.447044      -1.040120
1.446211      -1.038455
1.445378      -1.039180
1.444545      -1.037433
1.443712      -1.037902
1.442879      -0.097373
1.442046      1.039381
1.441213      -0.077056
1.440380      -1.037967
1.439547      0.757845
1.438714      1.039930
1.437881      1.039462
1.437048      1.038565
1.436215      0.032368
1.435382      -1.039655
1.434549      0.532255
1.433716      0.177520
1.432883      1.040150
1.432050      1.038850
1.431217      1.040920
1.430384      0.514883
1.429551      -1.038710
1.428718      -0.984944
1.427885      0.165954
1.427052      -0.795210
1.426219      -1.040400
1.425385      -1.040403
1.424552      -1.038823
1.423719      -1.037720
1.422886      -1.038947
1.422053      -1.039820
1.421220      -1.033385
1.420387      -1.040992
1.419554      -0.683083
1.418721      1.040695
1.417888      -0.572150
1.417055      -1.040637
1.416222      -1.041095
1.415389      -1.039708
1.414556      -1.038417
1.413723      -1.039888
1.412890      -1.041448
1.412057      -1.038337
1.411224      -1.041137
1.410391      -1.039317
1.409558      -1.039022
1.408725      -1.040383
1.407892      0.815800
1.407059      1.039190
1.406226      1.040439
1.405393      1.041574
1.404560      1.040360
1.403727      1.041427
1.402894      1.040775
1.402061      0.206950
1.401227      1.041713
1.400394      1.041188
1.399561      1.040585
1.398728      1.040105
1.397895      -0.217160
1.397062      -1.039985
1.396229      -1.040080
1.395396      -0.157393
1.394563      1.040097
1.393730      1.040887
1.392897      0.969633
1.392064      -1.040865
1.391231      -1.039290
1.390398      -1.041235
1.389565      -1.039940
1.388732      -1.042035
1.387899      -1.041283
1.387066      -1.042622
1.386233      -1.041490
1.385400      -1.041365
1.384567      0.059053
1.383734      1.042758
1.382901      1.042455
1.382068      1.042567
1.381235      1.043278
1.380402      1.043410
1.379569      -0.086035
1.378736      -1.041922
1.377903      -0.258600
1.377069      1.042995
1.376236      1.043893
1.375403      1.041113
1.374570      1.040867
1.373737      1.040585
1.372904      1.042285
1.372071      1.042853
1.371238      1.042455
1.370405      1.041247
1.369572      0.637175
1.368739      -1.042343
1.367906      -1.041742
1.367073      -0.969832
1.366240      1.042387
1.365407      1.043193
1.364574      1.041232
1.363741      1.041815
1.362908      1.041690
1.362075      0.418757
1.361242      -0.570278
1.360409      1.041932
1.359576      1.041760
1.358743      1.042933
1.357910      1.042845
1.357077      1.043422
1.356244      1.042678
1.355411      1.042060
1.354578      0.967160
1.353745      -1.041435
1.352911      0.620928
1.352078      1.042392
1.351245      1.042917
1.350412      1.041463
1.349579      1.042025
1.348746      1.043972
1.347913      1.043405
1.347080      1.043668
1.346247      1.042753
1.345414      1.041935
1.344581      1.041453
1.343748      1.043535
1.342915      1.042562
1.342082      1.043760
1.341249      1.042397
1.340416      0.705020
1.339583      -1.042567
1.338750      -1.043043
1.337917      -1.043045
1.337084      -1.044255
1.336251      -0.534390
1.335418      1.044253
1.334585      1.042853
1.333752      1.043502
1.332919      1.043395
1.332086      1.043152
1.331253      1.042410
1.330420      1.044623
1.329587      1.042642
1.328753      1.042613
1.327920      1.043670
1.327087      1.044732
1.326254      1.043855
1.325421      1.043692
1.324588      1.043928
1.323755      1.044420
1.322922      1.043865
1.322089      0.876733
1.321256      -1.044008
1.320423      0.866212
1.319590      1.043573
1.318757      1.044477
1.317924      0.694517
1.317091      -1.043823
1.316258      -1.043337
1.315425      -1.043648
1.314592      -1.045035
1.313759      -1.043918
1.312926      -1.044655
1.312093      -1.042007
1.311260      -1.043920
1.310427      -1.043758
1.309594      -1.043493
1.308761      -0.182720
1.307928      1.044315
1.307095      1.045020
1.306262      1.044217
1.305429      1.044420
1.304595      1.044778
1.303762      1.045187
1.302929      1.042960
1.302096      1.044487
1.301263      1.044245
1.300430      1.045105
1.299597      1.044093
1.298764      1.043255
1.297931      1.044650
1.297098      1.045415
1.296265      1.045080
1.295432      1.044348
1.294599      1.044340
1.293766      1.045097
1.292933      1.043743
1.292100      1.044155
1.291267      1.044060
1.290434      1.044085
1.289601      1.044093
1.288768      1.044750
1.287935      1.043123
1.287102      1.044273
1.286269      1.044745
1.285436      1.044280
1.284603      1.045272
1.283770      1.045867
1.282937      1.045334
1.282104      1.044756
1.281271      0.672915
1.280437      -1.044783
1.279604      -0.579950
1.278771      1.044850
1.277938      1.045143
1.277105      1.045192
1.276272      1.044885
1.275439      1.044757
1.274606      1.044968
1.273773      1.045727
1.272940      1.044822
1.272107      0.195655
1.271274      -1.045445
1.270441      -1.045632
1.269608      -1.044808
1.268775      -1.045948
1.267942      -1.045405
1.267109      -1.045875
1.266276      -1.045670
1.265443      -1.043924
1.264610      0.728621
1.263777      -0.634257
1.262944      -1.045303
1.262111      -1.045325
1.261278      -0.591035
1.260445      1.045655
1.259612      1.045670
1.258779      1.045790
1.257946      1.045073
1.257113      1.045945
1.256279      1.046350
1.255446      1.045982
1.254613      1.045495
1.253780      1.045680
1.252947      1.045938
1.252114      1.045573
1.251281      1.046411
1.250448      1.045654
1.249615      1.045995
1.248782      1.046405
1.247949      1.045785
1.247116      1.045598
1.246283      1.046438
1.245450      1.046220
1.244617      1.046555
1.243784      1.046145
1.242951      1.045627
1.242118      1.045697
1.241285      1.046327
1.240452      1.045700
1.239619      1.046490
1.238786      1.045653
1.237953      1.045815
1.237120      1.046747
1.236287      1.046375
1.235454      1.045970
1.234621      1.046035
1.233788      1.046293
1.232955      1.046422
1.232121      1.046490
1.231288      1.046530
1.230455      1.046463
1.229622      1.045498
1.228789      1.046200
1.227956      1.044925
1.227123      1.046370
1.226290      1.046003
1.225457      1.047270
1.224624      1.045690
1.223791      1.046543
1.222958      1.046095
1.222125      1.046020
1.221292      1.046925
1.220459      1.046855
1.219626      1.046733
1.218793      1.047083
1.217960      1.045992
1.217127      1.046478
1.216294      1.047137
1.215461      1.046587
1.214628      1.046103
1.213795      1.046528
1.212962      1.046290
1.212129      1.046470
1.211296      1.046913
1.210463      1.046380
1.209630      1.047250
1.208797      1.047345
1.207963      1.046657
1.207130      1.046018
1.206297      1.046090
1.205464      -0.563640
1.204631      -1.046468
1.203798      -1.046820
1.202965      -1.046392
1.202132      -1.047010
1.201299      -1.046940
1.200466      -1.046872
1.199633      -1.046520
1.198800      -1.047007
1.197967      -1.047007
1.197134      -1.046762
1.196301      -1.046242
1.195468      -1.048155
1.194635      -1.047700
1.193802      -1.046932
1.192969      0.179762
1.192136      1.047370
1.191303      1.047025
1.190470      1.047088
1.189637      1.047487
1.188804      1.046782
1.187971      1.046775
1.187138      1.047515
1.186305      1.046832
1.185472      1.046463
1.184639      1.047510
1.183805      1.046558
1.182972      1.047053
1.182139      1.046990
1.181306      1.047217
1.180473      1.046950
1.179640      1.046927
1.178807      1.047248
1.177974      1.046990
1.177141      1.047243
1.176308      1.047825
1.175475      1.047115
1.174642      1.047207
1.173809      1.046983
1.172976      1.047433
1.172143      1.047500
1.171310      1.046875
1.170477      1.047255
1.169644      1.047700
1.168811      1.046935
1.167978      1.047240
1.167145      1.047533
1.166312      1.047073
1.165479      1.047938
1.164646      1.047535
1.163813      1.047382
1.162980      1.047513
1.162147      1.047345
1.161314      1.047287
1.160480      1.047477
1.159647      1.047968
1.158814      1.047590
1.157981      1.047158
1.157148      1.047742
1.156315      1.047382
1.155482      1.047565
1.154649      1.047618
1.153816      1.047858
1.152983      1.047732
1.152150      1.047750
1.151317      1.047827
1.150484      1.047565
1.149651      1.047950
1.148818      1.047727
1.147985      1.047325
1.147152      1.047678
1.146319      1.047773
1.145486      1.047430
1.144653      1.047593
1.143820      1.047987
1.142987      1.047635
1.142154      1.048277
1.141321      1.048167
1.140488      1.048230
1.139655      1.047982
1.138822      1.047343
1.137989      1.047545
1.137156      1.047827
1.136322      1.048247
1.135489      1.047780
1.134656      1.048262
1.133823      1.047603
1.132990      1.047885
1.132157      1.048105
1.131324      1.047880
1.130491      1.048097
1.129658      1.048082
1.128825      1.048148
1.127992      1.047315
1.127159      1.047948
1.126326      1.048210
1.125493      1.047885
1.124660      1.048638
1.123827      1.048555
1.122994      1.048080
1.122161      1.048135
1.121328      1.047627
1.120495      1.048002
1.119662      1.047705
1.118829      1.047730
1.117996      1.048755
1.117163      1.048280
1.116330      1.048510
1.115497      1.047940
1.114664      1.048330
1.113831      1.048082
1.112998      1.048655
1.112164      1.047972
1.111331      1.048410
1.110498      1.047387
1.109665      1.048352
1.108832      1.048035
1.107999      1.047825
1.107166      1.048007
1.106333      1.048340
1.105500      1.047963
1.104667      1.048260
1.103834      1.048140
1.103001      1.048133
1.102168      1.047547
1.101335      1.048460
1.100502      1.048502
1.099669      1.048663
1.098836      1.048223
1.098003      1.048208
1.097170      1.048220
1.096337      1.048218
1.095504      1.048673
1.094671      1.048555
1.093838      1.048398
1.093005      1.048692
1.092172      1.048585
1.091339      1.048447
1.090506      1.048080
1.089673      1.048650
1.088840      1.048187
1.088006      1.048475
1.087173      1.048782
1.086340      1.048285
1.085507      1.048267
1.084674      0.020843
1.083841      -1.047860
1.083008      -1.048228
1.082175      -1.049042
1.081342      -1.048690
1.080509      -1.048785
1.079676      -1.048275
1.078843      -1.048840
1.078010      -1.048260
1.077177      -1.048265
1.076344      -1.048820
1.075511      -1.048360
1.074678      -1.049045
1.073845      -1.048852
1.073012      -1.048575
1.072179      -1.048337
1.071346      -1.048795
1.070513      -1.048905
1.069680      -1.048670
1.068847      -1.048548
1.068014      -1.048738
1.067181      -1.048923
1.066348      -1.049000
1.065515      -1.048305
1.064682      -1.048687
1.063848      -1.048945
1.063015      -1.048898
1.062182      -1.048738
1.061349      -1.048522
1.060516      -1.048452
1.059683      -1.048785
1.058850      -1.048388
1.058017      -1.048990
1.057184      -1.048780
1.056351      -1.048592
1.055518      -1.049285
1.054685      -1.049132
1.053852      -1.048645
1.053019      -1.048775
1.052186      -1.049520
1.051353      -1.049327
1.050520      -1.049330
1.049687      -1.049183
1.048854      -1.049083
1.048021      -1.048942
1.047188      -1.049020
1.046355      -1.048870
1.045522      -1.049292
1.044689      -1.048425
1.043856      -1.049368
1.043023      -1.049253
1.042190      -1.048895
1.041357      -1.049127
1.040524      -1.048908
1.039690      -1.048828
1.038857      -1.049040
1.038024      -1.049152
1.037191      -1.048962
1.036358      -1.048942
1.035525      -1.048862
1.034692      -1.049353
1.033859      -1.048965
1.033026      -1.048560
1.032193      -1.049290
1.031360      -1.049283
1.030527      -1.049248
1.029694      -1.049023
1.028861      -1.048965
1.028028      -1.048760
1.027195      -1.048910
1.026362      -1.049327
1.025529      -1.049520
1.024696      -1.048870
1.023863      -1.049212
1.023030      -1.049110
1.022197      -1.049018
1.021364      -1.049120
1.020531      -1.049353
1.019698      -1.049137
1.018865      -1.049477
1.018032      -1.048990
1.017199      -1.049292
1.016366      -1.049185
1.015532      -1.049127
1.014699      -1.049380
1.013866      -1.049178
1.013033      -1.048972
1.012200      -1.049268
1.011367      -1.048843
1.010534      -1.049230
1.009701      -1.048860
1.008868      -1.048957
1.008035      -1.049100
1.007202      -1.049147
1.006369      -1.049170
1.005536      -1.049168
1.004703      -1.049513
1.003870      -1.049135
1.003037      -1.049175
1.002204      -1.049322
1.001371      -1.049283
1.000538      -1.049317
0.999705      -1.049450
0.998872      -1.049520
0.998039      -1.049279
0.997206      -1.049211
0.996373      -1.048950
0.995540      -1.048673
0.994707      -1.048880
0.993874      -1.049315
0.993041      -1.049217
0.992208      -1.049400
0.991375      -1.049513
0.990542      -1.049045
0.989709      -1.049387
0.988876      -1.049455
0.988043      -1.049502
0.987210      -1.049220
0.986377      -1.049518
0.985544      -1.048865
0.984711      -1.049440
0.983878      -1.049417
0.983045      -1.049190
0.982212      -1.049163
0.981379      -1.049173
0.980546      -1.049430
0.979713      -1.049230
0.978881      -1.049492
0.978048      -1.049463
0.977215      -1.049040
0.976382      -1.049222
0.975549      -1.049215
0.974716      -1.049265
0.973883      -1.049163
0.973050      -1.049385
0.972217      -1.049155
0.971384      -1.049490
0.970551      -1.049042
0.969718      -1.049557
0.968885      -1.049420
0.968052      -1.049725
0.967219      -1.049633
0.966386      -1.049078
0.965553      -1.049387
0.964720      -1.049518
0.963887      -1.049513
0.963054      -1.049348
0.962221      -1.049507
0.961388      -1.049400
0.960555      -1.049635
0.959722      -1.049377
0.958889      -1.049338
0.958056      -1.049548
0.957223      -1.049638
0.956390      -1.049438
0.955557      -1.049302
0.954724      -1.049550
0.953891      -1.049400
0.953058      -1.049603
0.952225      -1.049725
0.951392      -1.049608
0.950559      -1.049657
0.949726      -1.049525
0.948893      -1.049638
0.948060      -1.049728
0.947227      -1.049285
0.946395      -1.049660
0.945562      -1.049635
0.944729      -1.049780
0.943896      -1.049552
0.943063      -1.049392
0.942230      -1.049630
0.941397      -1.049263
0.940564      -1.049438
0.939731      -1.049405
0.938898      -1.049582
0.938065      -1.049485
0.937232      -1.049507
0.936399      -1.049655
0.935566      -1.049900
0.934733      -1.049765
0.933900      -1.049698
0.933067      -1.049857
0.932234      -1.049570
0.931401      -1.049610
0.930568      -1.049538
0.929735      -1.049680
0.928902      -1.049675
0.928069      -1.049510
0.927236      -1.049567
0.926403      -1.049295
0.925570      -1.049335
0.924737      -1.049535
0.923904      -1.049672
0.923071      -1.049798
0.922238      -1.049482
0.921405      -1.049278
0.920572      -1.049620
0.919739      -1.049528
0.918906      -1.049775
0.918073      -1.049330
0.917240      -1.049395
0.916407      -1.049708
0.915574      -1.049720
0.914741      -1.049760
0.913908      -1.049737
0.913076      -1.049685
0.912243      -1.049650
0.911410      -1.049730
0.910577      -1.049773
0.909744      -1.049647
0.908911      -1.049890
0.908078      -1.049470
0.907245      -1.049767
0.906412      -1.049675
0.905579      -1.049615
0.904746      -1.049710
0.903913      -1.049677
0.903080      -1.049538
0.902247      -1.049645
0.901414      -1.049592
0.900581      -1.049690
0.899748      -1.049845
0.898915      -1.049878
0.898082      -1.049652
0.897249      -1.049582
0.896416      -1.049577
0.895583      -1.049513
0.894750      -1.049718
0.893917      -1.049912
0.893084      -1.049672
0.892251      -1.049638
0.891418      -1.049335
0.890585      -1.049580
0.889752      -1.049785
0.888919      -1.049835
0.888086      -1.049595
0.887253      -1.049783
0.886420      -1.049655
0.885587      -1.049652
0.884754      -1.049585
0.883921      -1.049708
0.883088      -1.049677
0.882255      -1.049850
0.881422      -1.049780
0.880589      -1.049912
0.879757      -1.049700
0.878924      -1.049623
0.878091      -1.049530
0.877258      -1.049555
0.876425      -1.049603
0.875592      -1.049803
0.874759      -1.049780
0.873926      -1.049703
0.873093      -1.049840
0.872260      -1.049878
0.871427      -1.049745
0.870594      -1.049618
0.869761      -1.049820
0.868928      -1.049725
0.868095      -1.049865
0.867262      -1.049803
0.866429      -1.049752
0.865596      -1.049730
0.864763      -1.049888
0.863930      -1.049845
0.863097      -1.049875
0.862264      -1.049747
0.861431      -1.049922
0.860598      -1.049747
0.859765      -1.049788
0.858932      -1.049817
0.858099      -1.049915
0.857266      -1.049795
0.856433      -1.049850
0.855600      -1.049623
0.854767      -1.049752
0.853934      -1.049720
0.853101      -1.049868
0.852268      -1.049740
0.851435      -1.049917
0.850602      -1.049888
0.849769      -1.049960
0.848936      -1.049618
0.848103      -1.049605
0.847270      -1.049822
0.846438      -1.049805
0.845605      -1.049907
0.844772      -1.049878
0.843939      -1.049538
0.843106      -1.049860
0.842273      -1.049907
0.841440      -1.049935
0.840607      -1.049905
0.839774      -1.049715
0.838941      -1.049832
0.838108      -1.049718
0.837275      -1.049888
0.836442      -1.049865
0.835609      -1.049825
0.834776      -1.049837
0.833943      -1.049760
0.833110      -1.049857
0.832277      -1.049852
0.831444      -1.049883
0.830611      -1.049903
0.829778      -1.049922
0.828945      -1.049715
0.828112      -1.049930
0.827279      -1.049857
0.826446      -1.049885
0.825613      -1.049820
0.824780      -1.049793
0.823947      -1.049907
0.823114      -1.049803
0.822281      -1.049910
0.821448      -1.049817
0.820615      -1.049840
0.819782      -1.049855
0.818949      -1.049837
0.818116      -1.049857
0.817283      -1.049847
0.816450      -1.049875
0.815617      -1.049888
0.814784      -1.049813
0.813951      -1.049988
0.813119      -1.049960
0.812286      -1.049930
0.811453      -1.049922
0.810620      -1.049837
0.809787      -1.049773
0.808954      -1.049795
0.808121      -1.049948
0.807288      -1.049955
0.806455      -1.049827
0.805622      -1.049958
0.804789      -1.049822
0.803956      -1.049930
0.803123      -1.049885
0.802290      -1.049935
0.801457      -1.049953
0.800624      -1.049975
0.799791      -1.049925
0.798958      -1.049970
0.798125      -1.049920
0.797292      -1.049757
0.796459      -1.049942
0.795626      -1.049903
0.794793      -1.049798
0.793960      -1.049988
0.793127      -1.049930
0.792294      -1.049940
0.791461      -1.049880
0.790628      -1.049992
0.789795      -1.049847
0.788962      -1.049907
0.788129      -1.049815
0.787296      -1.049965
0.786463      -1.049942
0.785630      -1.049850
0.784797      -1.049953
0.783964      -1.049992
0.783131      -1.049890
0.782298      -1.049963
0.781465      -1.049988
0.780632      -1.049958
0.779800      -1.049912
0.778967      -1.049975
0.778134      -1.049955
0.777301      -1.049878
0.776468      -1.049990
0.775635      -1.049907
0.774802      -1.049907
0.773969      -1.049878
0.773136      -1.049975
0.772303      -1.049965
0.771470      -1.049885
0.770637      -1.049988
0.769804      -1.049880
0.768971      -1.049950
0.768138      -1.049997
0.767305      -1.049907
0.766472      -1.049955
0.765639      -1.049965
0.764806      -1.049883
0.763973      -1.049960
0.763140      -1.049970
0.762307      -1.049983
0.761474      -1.049985
0.760641      -1.049973
0.759808      -1.050000
0.758975      -1.049958
0.758142      -1.049940
0.757309      -1.049840
0.756476      -1.049935
0.755643      -1.049992
0.754810      -1.049963
0.753977      -1.049970
0.753144      -1.049893
0.752311      -1.049917
0.751478      -1.049963
0.750645      -1.049850
0.749812      -1.049983
0.748979      -1.049940
0.748146      -1.049905
0.747313      -1.049997
0.746481      -1.049927
0.745648      -1.049992
0.744815      -1.049983
0.743982      -1.049925
0.743149      -1.049900
0.742316      -1.049997
0.741483      -1.049895
0.740650      -1.049930
0.739817      -1.049960
0.738984      -1.049988
0.738151      -1.049948
0.737318      -1.049992
0.736485      -1.049978
0.735652      -1.049773
0.734819      -1.049970
0.733986      -1.049988
0.733153      -1.049968
0.732320      -1.049997
0.731487      -1.049963
0.730654      -1.049898
0.729821      -1.050000
0.728988      -1.049905
0.728155      -1.049995
0.727322      -1.049988
0.726489      -1.049948
0.725656      -1.049945
0.724823      -1.049983
0.723990      -1.049922
0.723157      -1.049997
0.722324      -1.049965
0.721491      -1.049815
0.720658      -1.049975
0.719825      -1.049920
0.718992      -1.049988
0.718159      -1.050000
0.717326      -1.049950
0.716493      -1.049973
0.715660      -1.049990
0.714827      -1.050000
0.713995      -1.050000
0.713162      -1.049983
0.712329      -1.049980
0.711496      -1.049997
0.710663      -1.049950
0.709830      -1.050000
0.708997      -1.049990
0.708164      -1.049930
0.707331      -1.050000
0.706498      -1.049937
0.705665      -1.049990
0.704832      -1.049958
0.703999      -1.049985
0.703166      -1.049980
0.702333      -1.049985
0.701500      -1.050000
0.700667      -1.050000
0.699834      -1.049997
0.699001      -1.049948
0.698168      -1.049970
0.697335      -1.049968
0.696502      -1.050000
0.695669      -1.049883
0.694836      -1.049983
0.694003      -1.049988
0.693170      -1.050000
0.692337      -1.049975
0.691504      -1.050000
0.690671      -1.050000
0.689838      -1.050000
0.689005      -1.049992
0.688172      -1.050000
0.687339      -1.049932
0.686506      -1.049910
0.685673      -1.050000
0.684840      -1.049990
0.684007      -1.049865
0.683174      -1.049992
0.682341      -1.049925
0.681508      -1.050000
0.680676      -1.049970
0.679843      -1.050000
0.679010      -1.049997
0.678177      -1.049965
0.677344      -1.050000
0.676511      -1.049958
0.675678      -1.049997
0.674845      -1.050000
0.674012      -1.050000
0.673179      -1.049997
0.672346      -1.049997
0.671513      -1.049992
0.670680      -1.049997
0.669847      -1.049990
0.669014      -1.050000
0.668181      -1.049997
0.667348      -1.049992
0.666515      -1.050000
0.665682      -1.049878
0.664849      -1.049985
0.664016      -1.050000
0.663183      -1.050000
0.662350      -1.050000
0.661517      -1.050000
0.660684      -1.050000
0.659851      -1.049940
0.659018      -1.050000
0.658185      -1.050000
0.657352      -1.049997
0.656519      -1.049975
0.655686      -1.050000
0.654853      -1.050000
0.654020      -1.049997
0.653187      -1.049992
0.652354      -1.049922
0.651521      -1.049958
0.650688      -1.050000
0.649855      -1.049917
0.649022      -1.049990
0.648189      -1.050000
0.647357      -1.050000
0.646524      -1.050000
0.645691      -1.050000
0.644858      -1.049950
0.644025      -1.049983
0.643192      -1.050000
0.642359      -1.049988
0.641526      -1.050000
0.640693      -1.050000
0.639860      -1.050000
0.639027      -1.050000
0.638194      -1.050000
0.637361      -1.050000
0.636528      -1.050000
0.635695      -1.050000
0.634862      -1.049990
0.634029      -1.050000
0.633196      -1.049995
0.632363      -1.049983
0.631530      -1.050000
0.630697      -1.050000
0.629864      -1.049997
0.629031      -1.050000
0.628198      -1.050000
0.627365      -1.050000
0.626532      -1.050000
0.625699      -1.049988
0.624866      -1.050000
0.624033      -1.050000
0.623200      -1.049932
0.622367      -1.050000
0.621534      -1.050000
0.620701      -1.050000
0.619868      -1.050000
0.619035      -1.050000
0.618202      -1.050000
0.617369      -1.050000
0.616536      -1.050000
0.615703      -1.050000
0.614870      -1.050000
0.614038      -1.050000
0.613205      -1.050000
0.612372      -1.050000
0.611539      -1.050000
0.610706      -1.050000
0.609873      -1.050000
0.609040      -1.050000
0.608207      -1.050000
0.607374      -1.050000
0.606541      -1.050000
0.605708      -1.050000
0.604875      -1.050000
0.604042      -1.050000
0.603209      -1.050000
0.602376      -1.049988
0.601543      -1.049995
0.600710      -1.050000
0.599877      -1.050000
0.599044      -1.049983
0.598211      -1.050000
0.597378      -1.050000
0.596545      -1.050000
0.595712      -1.050000
0.594879      -1.050000
0.594046      -1.049988
0.593213      -1.050000
0.592380      -1.050000
0.591547      -1.050000
0.590714      -1.050000
0.589881      -1.050000
0.589048      -1.050000
0.588215      -1.050000
0.587382      -1.050000
0.586549      -1.049970
0.585716      -1.049997
0.584883      -1.049927
0.584050      -1.050000
0.583217      -1.050000
0.582384      -1.050000
0.581551      -1.050000
0.580719      -1.050000
0.579886      -1.049968
0.579053      -1.050000
0.578220      -1.050000
0.577387      -1.050000
0.576554      -1.050000
0.575721      -1.050000
0.574888      -1.050000
0.574055      -1.050000
0.573222      -1.050000
0.572389      -1.050000
0.571556      -1.050000
0.570723      -1.049995
0.569890      -1.050000
0.569057      -1.050000
0.568224      -1.050000
0.567391      -1.050000
0.566558      -1.050000
0.565725      -1.050000
0.564892      -1.050000
0.564059      -1.050000
0.563226      -1.050000
0.562393      -1.050000
0.561560      -1.050000
0.560727      -1.050000
0.559894      -1.050000
0.559061      -1.050000
0.558228      -1.050000
0.557395      -1.050000
0.556562      -1.050000
0.555729      -1.050000
0.554896      -1.050000
0.554063      -1.050000
0.553230      -1.050000
0.552397      -1.050000
0.551564      -1.050000
0.550731      -1.050000
0.549898      -1.050000
0.549065      -1.050000
0.548232      -1.050000
0.547400      -1.050000
0.546567      -1.050000
0.545734      -1.050000
0.544901      -1.050000
0.544068      -1.050000
0.543235      -1.050000
0.542402      -1.050000
0.541569      -1.050000
0.540736      -1.050000
0.539903      -1.050000
0.539070      -1.050000
0.538237      -1.050000
0.537404      -1.050000
0.536571      -1.050000
0.535738      -1.050000
0.534905      -1.050000
0.534072      -1.050000
0.533239      -1.050000
0.532406      -1.050000
0.531573      -1.050000
0.530740      -1.050000
0.529907      -1.050000
0.529074      -1.050000
0.528241      -1.050000
0.527408      -1.050000
0.526575      -1.050000
0.525742      -1.050000
0.524909      -1.050000
0.524076      -1.050000
0.523243      -1.050000
0.522410      -1.050000
0.521577      -1.050000
0.520744      -1.050000
0.519911      -1.050000
0.519078      -1.050000
0.518245      -1.050000
0.517412      -1.049988
0.516579      -1.050000
0.515746      -1.050000
0.514913      -1.050000
0.514081      -1.050000
0.513248      -1.050000
0.512415      -1.050000
0.511582      -1.050000
0.510749      -1.050000
0.509916      -1.050000
0.509083      -1.050000
0.508250      -1.050000
0.507417      -1.050000
0.506584      -1.050000
0.505751      -1.050000
0.504918      -1.050000
0.504085      -1.050000
0.503252      -1.050000
0.502419      -1.050000
0.501586      -1.050000
0.500753      -1.050000
0.499920      -1.050000
0.499087      -1.050000
0.498254      -1.050000
0.497421      -1.050000
0.496588      -1.050000
0.495755      -1.050000
0.494922      -1.050000
0.494089      -1.050000
0.493256      -1.050000
0.492423      -1.050000
0.491590      -1.050000
0.490757      -1.050000
0.489924      -1.050000
0.489091      -1.050000
0.488258      -1.050000
0.487425      -1.050000
0.486592      -1.050000
0.485759      -1.050000
0.484926      -1.050000
0.484093      -1.050000
0.483260      -1.050000
0.482427      -1.050000
0.481594      -1.050000
0.480761      -1.050000
0.479928      -1.049990
0.479095      -1.050000
0.478262      -1.050000
0.477429      -1.050000
0.476596      -1.050000
0.475763      -1.050000
0.474930      -1.050000
0.474097      -1.050000
0.473264      -1.050000
0.472431      -1.050000
0.471598      -1.050000
0.470765      -1.050000
0.469932      -1.050000
0.469099      -1.050000
0.468266      -1.050000
0.467433      -1.050000
0.466600      -1.050000
0.465767      -1.050000
0.464934      -1.050000
0.464101      -1.050000
0.463268      -1.050000
0.462435      -1.050000
0.461602      -1.050000
0.460769      -1.050000
0.459936      -1.050000
0.459103      -1.050000
0.458270      -1.050000
0.457437      -1.050000
0.456604      -1.050000
0.455771      -1.050000
0.454938      -1.050000
0.454105      -1.050000
0.453272      -1.050000
0.452439      -1.050000
0.451606      -1.050000
0.450773      -1.050000
0.449940      -1.050000
0.449107      -1.050000
0.448274      -1.050000
0.447441      -1.050000
0.446608      -1.050000
0.445775      -1.050000
0.444942      -1.050000
0.444109      -1.050000
0.443276      -1.050000
0.442443      -1.050000
0.441610      -1.050000
0.440777      -1.050000
0.439944      -1.050000
0.439111      -1.050000
0.438278      -1.050000
0.437445      -1.050000
0.436612      -1.050000
0.435779      -1.050000
0.434946      -1.050000
0.434113      -1.050000
0.433280      -1.050000
0.432447      -1.050000
0.431614      -1.050000
0.430781      -1.050000
0.429948      -1.050000
0.429115      -1.050000
0.428282      -1.050000
0.427449      -1.050000
0.426616      -1.050000
0.425783      -1.050000
0.424949      -1.050000
0.424116      -1.050000
0.423283      -1.050000
0.422450      -1.050000
0.421617      -1.050000
0.420784      -1.050000
0.419951      -1.050000
0.419118      -1.050000
0.418285      -1.050000
0.417452      -1.050000
0.416619      -1.050000
0.415786      -1.050000
0.414953      -1.050000
0.414120      -1.050000
0.413287      -1.050000
0.412454      -1.050000
0.411621      -1.050000
0.410788      -1.050000
0.409955      -1.050000
0.409122      -1.050000
0.408289      -1.050000
0.407456      -1.050000
0.406623      -1.050000
0.405790      -1.050000
0.404957      -1.050000
0.404124      -1.050000
0.403291      -1.050000
0.402458      -1.050000
0.401625      -1.050000
0.400792      -1.050000
0.399959      -1.050000
0.399126      -1.050000
0.398293      -1.050000
0.397460      -1.050000
0.396627      -1.050000
0.395794      -1.050000
0.394961      -1.050000
0.394128      -1.050000
0.393295      -1.050000
0.392462      -1.050000
0.391629      -1.050000
0.390796      -1.050000
0.389963      -1.050000
0.389130      -1.050000
0.388297      -1.050000
0.387464      -1.050000
0.386631      -1.050000
0.385798      -1.050000
0.384965      -1.050000
0.384132      -1.050000
0.383299      -1.050000
0.382466      -1.050000
0.381633      -1.050000
0.380800      -1.050000
0.379967      -1.050000
0.379134      -1.050000
0.378301      -1.050000
0.377468      -1.050000
0.376635      -1.050000
0.375802      -1.050000
0.374969      -1.050000
0.374136      -1.050000
0.373303      -1.050000
0.372470      -1.050000
0.371637      -1.050000
0.370804      -1.050000
0.369971      -1.050000
0.369138      -1.050000
0.368305      -1.050000
0.367472      -1.050000
0.366639      -1.050000
0.365806      -1.050000
0.364973      -1.050000
0.364140      -1.050000
0.363307      -1.050000
0.362474      -1.050000
0.361641      -1.050000
0.360808      -1.050000
0.359975      -1.050000
0.359142      -1.050000
0.358309      -1.050000
0.357476      -1.050000
0.356643      -1.050000
0.355810      -1.050000
0.354977      -1.050000
0.354144      -1.050000
0.353311      -1.050000
0.352478      -1.050000
0.351645      -1.050000
0.350812      -1.050000
0.349979      -1.050000
0.349146      -1.050000
0.348313      -1.050000
0.347480      -1.050000
0.346647      -1.050000
0.345814      -1.050000
0.344981      -1.050000
0.344148      -1.050000
0.343315      -1.050000
0.342482      -1.050000
0.341649      -1.050000
0.340816      -1.050000
0.339983      -1.050000
0.339150      -1.050000
0.338317      -1.050000
0.337484      -1.050000
0.336651      -1.050000
0.335818      -1.050000
0.334985      -1.050000
0.334152      -1.050000
0.333319      -1.050000
0.332486      -1.050000
0.331653      -1.050000
0.330820      -1.050000
0.329987      -1.050000
0.329154      -1.050000
0.328321      -1.050000
0.327488      -1.050000
0.326655      -1.050000
0.325822      -1.050000
0.324989      -1.050000
0.324156      -1.050000
0.323323      -1.050000
0.322490      -1.050000
0.321657      -1.050000
0.320824      -1.050000
0.319991      -1.050000
0.319158      -1.050000
0.318325      -1.050000
0.317492      -1.050000
0.316659      -1.050000
0.315826      -1.050000
0.314993      -1.050000
0.314160      -1.050000
0.313327      -1.050000
0.312494      -1.050000
0.311661      -1.050000
0.310828      -1.050000
0.309995      -1.050000
0.309162      -1.050000
0.308329      -1.050000
0.307496      -1.050000
0.306663      -1.050000
0.305830      -1.050000
0.304997      -1.050000
0.304164      -1.050000
0.303331      -1.050000
0.302498      -1.050000
0.301665      -1.050000
0.300832      -1.050000
0.299999      -1.050000
0.299166      -1.050000
0.298333      -1.050000
0.297500      -1.050000
0.296667      -1.050000
0.295834      -1.050000
0.295001      -1.050000
0.294168      -1.050000
0.293335      -1.050000
0.292502      -1.050000
0.291669      -1.050000
0.290836      -1.050000
0.290003      -1.050000
0.289170      -1.050000
0.288337      -1.050000
0.287504      -1.050000
0.286671      -1.050000
0.285838      -1.050000
0.285005      -1.050000
0.284172      -1.050000
0.283339      -1.050000
0.282506      -1.050000
0.281673      -1.050000
0.280840      -1.050000
0.280007      -1.050000
0.279174      -1.050000
0.278341      -1.050000
0.277508      -1.050000
0.276675      -1.050000
0.275842      -1.050000
0.275009      -1.050000
0.274176      -1.050000
0.273343      -1.050000
0.272510      -1.050000
0.271677      -1.050000
0.270844      -1.050000
0.270011      -1.050000
0.269178      -1.050000
0.268345      -1.050000
0.267512      -1.050000
0.266679      -1.050000
0.265846      -1.050000
0.265013      -1.050000
0.264180      -1.050000
0.263347      -1.050000
0.262514      -1.050000
0.261681      -1.050000
0.260848      -1.050000
0.260015      -1.050000
0.259182      -1.050000
0.258349      -1.050000
0.257516      -1.050000
0.256683      -1.050000
0.255850      -1.050000
0.255017      -1.050000
0.254184      -1.050000
0.253351      -1.050000
0.252518      -1.050000
0.251685      -1.050000
0.250852      -1.050000
0.250019      -1.050000
0.249186      -1.050000
0.248352      -1.050000
0.247519      -1.050000
0.246686      -1.050000
0.245853      -1.050000
0.245020      -1.050000
0.244187      -1.050000
0.243354      -1.050000
0.242521      -1.050000
0.241688      -1.050000
0.240855      -1.050000
0.240022      -1.050000
0.239189      -1.050000
0.238356      -1.050000
0.237523      -1.050000
0.236690      -1.050000
0.235857      -1.050000
0.235024      -1.050000
0.234191      -1.050000
0.233358      -1.050000
0.232525      -1.050000
0.231692      -1.050000
0.230859      -1.050000
0.230026      -1.050000
0.229193      -1.050000
0.228360      -1.050000
0.227527      -1.050000
0.226694      -1.050000
0.225861      -1.050000
0.225028      -1.050000
0.224195      -1.050000
0.223362      -1.050000
0.222529      -1.050000
0.221696      -1.050000
0.220863      -1.050000
0.220030      -1.050000
0.219197      -1.050000
0.218364      -1.050000
0.217531      -1.050000
0.216698      -1.050000
0.215865      -1.050000
0.215032      -1.050000
0.214199      -1.050000
0.213366      -1.050000
0.212533      -1.050000
0.211700      -1.050000
0.210867      -1.050000
0.210034      -1.050000
0.209201      -1.050000
0.208368      -1.050000
0.207535      -1.050000
0.206702      -1.050000
0.205869      -1.050000
0.205036      -1.050000
0.204203      -1.050000
0.203370      -1.050000
0.202537      -1.050000
0.201704      -1.050000
0.200871      -1.050000
0.200038      -1.050000
0.199205      -1.050000
0.198372      -1.050000
0.197539      -1.050000
0.196706      -1.050000
0.195873      -1.050000
0.195040      -1.050000
0.194207      -1.050000
0.193374      -1.050000
0.192541      -1.050000
0.191708      -1.050000
0.190875      -1.050000
0.190042      -1.050000
0.189209      -1.050000
0.188376      -1.050000
0.187543      -1.050000
0.186710      -1.050000
0.185877      -1.050000
0.185044      -1.050000
0.184211      -1.050000
0.183378      -1.050000
0.182545      -1.050000
0.181712      -1.050000
0.180879      -1.050000
0.180046      -1.050000
0.179213      -1.050000
0.178380      -1.050000
0.177547      -1.050000
0.176714      -1.050000
0.175881      -1.050000
0.175048      -1.050000
0.174215      -1.050000
0.173382      -1.050000
0.172549      -1.050000
0.171716      -1.050000
0.170883      -1.050000
0.170050      -1.050000
0.169217      -1.050000
0.168384      -1.050000
0.167551      -1.050000
0.166718      -1.050000
0.165885      -1.050000
0.165052      -1.050000
0.164219      -1.050000
0.163386      -1.050000
0.162553      -1.050000
0.161720      -1.050000
0.160887      -1.050000
0.160054      -1.050000
0.159221      -1.050000
0.158388      -1.050000
0.157555      -1.050000
0.156722      -1.050000
0.155889      -1.050000
0.155056      -1.050000
0.154223      -1.050000
0.153390      -1.050000
0.152557      -1.050000
0.151724      -1.050000
0.150891      -1.050000
0.150058      -1.050000
0.149225      -1.050000
0.148392      -1.050000
0.147559      -1.050000
0.146726      -1.050000
0.145893      -1.050000
0.145060      -1.050000
0.144227      -1.050000
0.143394      -1.050000
0.142561      -1.050000
0.141728      -1.050000
0.140895      -1.050000
0.140062      -1.050000
0.139229      -1.050000
0.138396      -1.050000
0.137563      -1.050000
0.136730      -1.050000
0.135897      -1.050000
0.135064      -1.050000
0.134231      -1.050000
0.133398      -1.050000
0.132565      -1.050000
0.131732      -1.050000
0.130899      -1.050000
0.130066      -1.050000
0.129233      -1.050000
0.128400      -1.050000
0.127567      -1.050000
0.126734      -1.050000
0.125901      -1.050000
0.125068      -1.050000
0.124235      -1.050000
0.123402      -1.050000
0.122569      -1.050000
0.121736      -1.050000
0.120903      -1.050000
0.120070      -1.050000
0.119237      -1.050000
0.118404      -1.050000
0.117571      -1.050000
0.116738      -1.050000
0.115905      -1.050000
0.115072      -1.050000
0.114239      -1.050000
0.113406      -1.050000
0.112573      -1.050000
0.111740      -1.050000
0.110907      -1.050000
0.110074      -1.050000
0.109241      -1.050000
0.108408      -1.050000
0.107575      -1.050000
0.106742      -1.050000
0.105909      -1.050000
0.105076      -1.050000
0.104243      -1.050000
0.103410      -1.050000
0.102577      -1.050000
0.101744      -1.050000
0.100911      -1.050000
0.100078      -1.050000
0.099245      -1.050000
0.098412      -1.050000
0.097579      -1.050000
0.096746      -1.050000
0.095913      -1.050000
0.095080      -1.050000
0.094247      -1.050000
0.093414      -1.050000
0.092581      -1.050000
0.091748      -1.050000
0.090915      -1.050000
0.090082      -1.050000
0.089249      -1.050000
0.088416      -1.050000
0.087583      -1.050000
0.086750      -1.050000
0.085917      -1.050000
0.085084      -1.050000
0.084251      -1.050000
0.083418      -1.050000
0.082585      -1.050000
0.081752      -1.050000
0.080919      -1.050000
0.080086      -1.050000
0.079253      -1.050000
0.078420      -1.050000
0.077587      -1.050000
0.076754      -1.050000
0.075921      -1.050000
0.075088      -1.050000
0.074255      -1.050000
0.073422      -1.050000
0.072589      -1.050000
0.071756      -1.050000
0.070923      -1.050000
0.070090      -1.050000
0.069257      -1.050000
0.068424      -1.050000
0.067591      -1.050000
0.066758      -1.050000
0.065925      -1.050000
0.065092      -1.050000
0.064259      -1.050000
0.063426      -1.050000
0.062593      -1.050000
0.061760      -1.050000
0.060927      -1.050000
0.060094      -1.050000
0.059261      -1.050000
0.058428      -1.050000
0.057595      -1.050000
0.056762      -1.050000
0.055929      -1.050000
0.055096      -1.050000
0.054263      -1.050000
0.053430      -1.050000
0.052597      -1.050000
0.051764      -1.050000
0.050931      -1.050000
0.050098      -1.050000
0.049265      -1.050000
0.048432      -1.050000
0.047599      -1.050000
0.046766      -1.050000
0.045933      -1.050000
0.045100      -1.050000
0.044267      -1.050000
0.043434      -1.050000
0.042601      -1.050000
0.041768      -1.050000
0.040935      -1.050000
0.040102      -1.050000
0.039269      -1.050000
0.038436      -1.050000
0.037603      -1.050000
0.036770      -1.050000
0.035937      -1.050000
0.035104      -1.050000
0.034271      -1.050000
0.033438      -1.050000
0.032605      -1.050000
0.031772      -1.050000
0.030939      -1.050000
0.030106      -1.050000
0.029273      -1.050000
0.028440      -1.050000
0.027607      -1.050000
0.026774      -1.050000
0.025941      -1.050000
0.025108      -1.050000
0.024275      -1.050000
0.023442      -1.050000
0.022609      -1.050000
0.021776      -1.050000
0.020943      -1.050000
0.020110      -1.050000
0.019277      -1.050000
0.018444      -1.050000
0.017611      -1.050000
0.016778      -1.050000
0.015945      -1.050000
0.015112      -1.050000
0.014279      -1.050000
0.013446      -1.050000
0.012613      -1.050000
0.011780      -1.050000
0.010947      -1.050000
0.010114      -1.050000
0.009281      -1.050000
0.008448      -1.050000
0.007615      -1.050000
0.006782      -1.050000
0.005949      -1.050000
0.005116      -1.050000
0.004283      -1.050000
0.003450      -1.050000
0.002617      -1.050000
0.001784      -1.050000
